Warp UserWarning: Python 3.9 or newer is recommended for running Warp, detected sys.version_info(major=3, minor=8, micro=18, releaselevel='final', serial=0)
tensor([[[ 0.8800,  0.1549, -3.9270,  ..., -0.2040,  1.7440,  1.8190]],

        [[ 0.8800,  0.1549, -3.9270,  ..., -0.2040,  1.7440,  1.8190]],

        [[ 0.8800,  0.1549, -3.9270,  ..., -0.2040,  1.7440,  1.8190]],

        ...,

        [[ 0.8717, -0.0562, -3.9270,  ..., -0.2040,  1.7440,  1.8190]],

        [[ 0.8635, -0.0374, -3.9270,  ..., -0.2040,  1.7440,  1.8190]],

        [[ 0.8554, -0.0185, -3.9270,  ..., -0.2040,  1.7440,  1.8190]]],
       device='cuda:0')
tensor([[[ 8.4723e-01,  3.4764e-04, -3.9270e+00,  ..., -2.0400e-01,
           1.7440e+00,  1.8190e+00]],

        [[ 8.3908e-01,  1.9213e-02, -3.9270e+00,  ..., -2.0400e-01,
           1.7440e+00,  1.8190e+00]],

        [[ 8.3094e-01,  3.8078e-02, -3.9270e+00,  ..., -2.0400e-01,
           1.7440e+00,  1.8190e+00]],

        ...,

        [[-1.7208e-01,  1.1954e+00,  1.9198e-01,  ...,  1.3098e-01,
           1.7523e-01,  1.3443e+00]],

        [[-1.8262e-01,  1.1644e+00,  1.9198e-01,  ...,  1.4254e-01,
           1.9124e-01,  1.3279e+00]],

        [[-1.9316e-01,  1.1334e+00,  1.9198e-01,  ...,  1.5409e-01,
           2.0724e-01,  1.3115e+00]]], device='cuda:0')
tensor([[[-0.2037,  1.1024,  0.1920,  ...,  0.1656,  0.2233,  1.2952]],

        [[-0.2142,  1.0714,  0.1920,  ...,  0.1772,  0.2393,  1.2788]],

        [[-0.2248,  1.0404,  0.1920,  ...,  0.1887,  0.2553,  1.2624]],

        ...,

        [[ 0.3698, -0.6975, -3.9270,  ..., -0.2040,  0.4314,  1.8190]],

        [[ 0.3772, -0.6927, -3.9270,  ..., -0.2040,  0.4474,  1.8190]],

        [[ 0.3846, -0.6879, -3.9270,  ..., -0.2040,  0.4634,  1.8190]]],
       device='cuda:0')
tensor([[[ 0.3920, -0.6830, -3.9270,  ..., -0.2040,  0.4794,  1.8190]],

        [[ 0.3994, -0.6782, -3.9270,  ..., -0.2040,  0.4954,  1.8190]],

        [[ 0.4068, -0.6734, -3.9270,  ..., -0.2040,  0.5114,  1.8190]],

        ...,

        [[ 0.0299,  2.0944, -3.9270,  ...,  1.2630, -0.2890,  0.8204]],

        [[ 0.0183,  2.0944, -3.9270,  ...,  1.2630, -0.2890,  0.8041]],

        [[ 0.0067,  2.0944, -3.9270,  ...,  1.2630, -0.2890,  0.7877]]],
       device='cuda:0')
tensor([[[-0.0048,  2.0944, -3.9270,  ...,  1.2630, -0.2890,  0.7713]],

        [[-0.0164,  2.0944, -3.9270,  ...,  1.2630, -0.2890,  0.7549]],

        [[-0.0280,  2.0944, -3.9270,  ...,  1.2630, -0.2890,  0.7386]],

        ...,

        [[ 1.2726,  2.0944, -3.9270,  ...,  1.2630, -0.2890,  1.8190]],

        [[ 1.2726,  2.0944, -3.9270,  ...,  1.2630, -0.2890,  1.8190]],

        [[ 1.2726,  2.0944, -3.9270,  ...,  1.2630, -0.2890,  1.8190]]],
       device='cuda:0')
tensor([[[ 1.2726,  2.0944, -3.9270,  ...,  1.2630, -0.2890,  1.8190]],

        [[ 1.2726,  2.0944, -3.9270,  ...,  1.2630, -0.2890,  1.8190]],

        [[ 1.2726,  2.0944, -3.9270,  ...,  1.2630, -0.2890,  1.8190]],

        ...,

        [[-0.7200, -1.9936, -1.1592,  ...,  1.2630, -0.2890, -0.2273]],

        [[-0.7317, -2.0263, -1.1370,  ...,  1.2630, -0.2890, -0.2436]],

        [[-0.7433, -2.0590, -1.1149,  ...,  1.2630, -0.2890, -0.2600]]],
       device='cuda:0')
tensor([[[ 0.7222, -2.0590,  0.1920,  ...,  1.2630, -0.2890, -0.2600]],

        [[ 0.7222, -2.0590,  0.1920,  ...,  1.2630, -0.2890, -0.2600]],

        [[ 0.7222, -2.0590,  0.1920,  ...,  1.2630, -0.2890, -0.2600]],

        ...,

        [[ 1.5071,  2.0944, -3.9270,  ..., -0.2040, -0.0830, -0.2600]],

        [[ 1.5238,  2.0944, -3.9270,  ..., -0.2040, -0.1002, -0.2600]],

        [[ 1.5404,  2.0944, -3.9270,  ..., -0.2040, -0.1173, -0.2600]]],
       device='cuda:0')
tensor([[[ 1.5571,  2.0944, -3.9270,  ..., -0.2040, -0.1345, -0.2600]],

        [[ 1.5738,  2.0944, -3.9270,  ..., -0.2040, -0.1517, -0.2600]],

        [[ 1.5904,  2.0944, -3.9270,  ..., -0.2040, -0.1688, -0.2600]],

        ...,

        [[ 1.0169,  2.0944, -3.8647,  ..., -0.2040, -0.2890,  1.8190]],

        [[ 1.0169,  2.0944, -3.8647,  ..., -0.2040, -0.2890,  1.8190]],

        [[ 1.0169,  2.0944, -3.8647,  ..., -0.2040, -0.2890,  1.8190]]],
       device='cuda:0')
tensor([[[ 1.0169,  2.0944, -3.8647,  ..., -0.2040, -0.2890,  1.8190]],

        [[ 1.0169,  2.0944, -3.8647,  ..., -0.2040, -0.2890,  1.8190]],

        [[ 1.0169,  2.0944, -3.8647,  ..., -0.2040, -0.2890,  1.8190]],

        ...,

        [[-0.0163, -0.1328,  0.1920,  ...,  0.4763,  1.6956, -0.2600]],

        [[ 0.0075, -0.1930,  0.1920,  ...,  0.4551,  1.6971, -0.2600]],

        [[ 0.0313, -0.2532,  0.1920,  ...,  0.4338,  1.6986, -0.2600]]],
       device='cuda:0')
tensor([[[ 0.0552, -0.3134,  0.1920,  ...,  0.4126,  1.7002, -0.2600]],

        [[ 0.0790, -0.3736,  0.1920,  ...,  0.3913,  1.7017, -0.2600]],

        [[ 0.1028, -0.4338,  0.1920,  ...,  0.3700,  1.7032, -0.2600]],

        ...,

        [[-0.2001,  2.0944, -3.9270,  ...,  1.2590, -0.2834, -0.2054]],

        [[-0.2200,  2.0944, -3.9270,  ...,  1.2610, -0.2862, -0.2327]],

        [[-0.2398,  2.0944, -3.9270,  ...,  1.2630, -0.2890, -0.2600]]],
       device='cuda:0')
tensor([[[ 0.0185,  2.0944, -3.9270,  ..., -0.2040, -0.2890,  1.8190]],

        [[ 0.0185,  2.0944, -3.9270,  ..., -0.2040, -0.2890,  1.8190]],

        [[ 0.0185,  2.0944, -3.9270,  ..., -0.2040, -0.2890,  1.8190]],

        ...,

        [[-0.7895,  0.3796,  0.1920,  ...,  0.5274,  1.1653,  1.3875]],

        [[-0.7519,  0.3266,  0.1920,  ...,  0.5434,  1.1779,  1.3517]],

        [[-0.7144,  0.2736,  0.1920,  ...,  0.5594,  1.1904,  1.3159]]],
       device='cuda:0')
tensor([[[-0.6768,  0.2206,  0.1920,  ...,  0.5754,  1.2030,  1.2801]],

        [[-0.6392,  0.1676,  0.1920,  ...,  0.5914,  1.2156,  1.2442]],

        [[-0.6016,  0.1145,  0.1920,  ...,  0.6074,  1.2282,  1.2084]],

        ...,

        [[ 0.3108,  2.0944, -3.9270,  ...,  0.4394,  0.3631,  0.6518]],

        [[ 0.3157,  2.0944, -3.9270,  ...,  0.4215,  0.4015,  0.6265]],

        [[ 0.3207,  2.0944, -3.9270,  ...,  0.4036,  0.4398,  0.6011]]],
       device='cuda:0')
tensor([[[ 0.3256,  2.0944, -3.9270,  ...,  0.3858,  0.4782,  0.5758]],

        [[ 0.3306,  2.0944, -3.9270,  ...,  0.3679,  0.5165,  0.5505]],

        [[ 0.3355,  2.0944, -3.9270,  ...,  0.3500,  0.5549,  0.5251]],

        ...,

        [[-1.0780,  1.9907,  0.1920,  ..., -0.1770, -0.2757, -0.2217]],

        [[-1.1150,  2.0425,  0.1920,  ..., -0.1905, -0.2823, -0.2409]],

        [[-1.1519,  2.0944,  0.1920,  ..., -0.2040, -0.2890, -0.2600]]],
       device='cuda:0')
tensor([[[ 0.0649, -1.3839, -2.8630,  ...,  1.2630,  0.8944,  0.8696]],

        [[-0.1672, -0.2335, -3.7897,  ...,  1.2012,  0.8226,  1.8190]],

        [[ 0.3162, -0.1092, -3.3135,  ..., -0.2040,  0.3789,  1.0012]],

        ...,

        [[ 3.6610, -1.8616, -1.5185,  ..., -0.2040,  1.7440,  1.8190]],

        [[ 4.9053,  0.1067, -1.8501,  ..., -0.0835,  1.7440,  1.7875]],

        [[ 5.4119, -0.3897, -2.9371,  ...,  1.1000,  1.0230,  1.7950]]],
       device='cuda:0')
tensor([[[ 0.0665, -1.3193, -2.8172,  ...,  1.2630,  0.8867,  0.8655]],

        [[-0.1549, -0.2220, -3.7012,  ...,  1.1703,  0.8182,  1.8190]],

        [[ 0.3062, -0.1034, -3.2469,  ..., -0.2040,  0.3949,  0.9910]],

        ...,

        [[ 1.9048, -2.0590, -0.1650,  ..., -0.2040,  1.7440,  1.8190]],

        [[ 3.2773, -1.1876, -0.5145,  ..., -0.2040,  1.7440,  1.8094]],

        [[ 3.8361, -1.7144, -1.6604,  ..., -0.0736,  1.6719,  1.8166]]],
       device='cuda:0')
tensor([[[ 0.0680, -1.2584, -2.7739,  ...,  1.2630,  0.8794,  0.8615]],

        [[-0.1433, -0.2110, -3.6177,  ...,  1.1411,  0.8141,  1.8190]],

        [[ 0.2968, -0.0979, -3.1841,  ..., -0.2040,  0.4101,  0.9813]],

        ...,

        [[ 1.9956, -2.0590, -0.2346,  ..., -0.2040,  1.7440,  1.8190]],

        [[ 3.3036, -1.2122, -0.5678,  ..., -0.2040,  1.7440,  1.8098]],

        [[ 3.8361, -1.7144, -1.6604,  ..., -0.0736,  1.6719,  1.8166]]],
       device='cuda:0')
tensor([[[ 0.0694, -1.2010, -2.7332,  ...,  1.2630,  0.8726,  0.8579]],

        [[-0.1324, -0.2008, -3.5390,  ...,  1.1136,  0.8102,  1.8190]],

        [[ 0.2880, -0.0927, -3.1248,  ..., -0.2040,  0.4243,  0.9723]],

        ...,

        [[ 2.0813, -2.0590, -0.3004,  ..., -0.2040,  1.7440,  1.8190]],

        [[ 3.3284, -1.2354, -0.6182,  ..., -0.2040,  1.7440,  1.8101]],

        [[ 3.8361, -1.7144, -1.6604,  ..., -0.0736,  1.6719,  1.8166]]],
       device='cuda:0')
tensor([[[ 0.0708, -1.1469, -2.6947,  ...,  1.2630,  0.8662,  0.8544]],

        [[-0.1221, -0.1911, -3.4648,  ...,  1.0877,  0.8065,  1.8190]],

        [[ 0.2796, -0.0878, -3.0690,  ..., -0.2040,  0.4378,  0.9637]],

        ...,

        [[ 3.7380, -1.7455, -1.6391,  ..., -0.2040,  1.7440,  1.8190]],

        [[ 4.9276,  0.0675, -1.9425,  ...,  0.0319,  1.7440,  1.7888]],

        [[ 5.4119, -0.3897, -2.9371,  ...,  1.1000,  1.0230,  1.7950]]],
       device='cuda:0')
tensor([[[ 0.0721, -1.0960, -2.6586,  ...,  1.2630,  0.8601,  0.8511]],

        [[-0.1124, -0.1819, -3.3950,  ...,  1.0633,  0.8031,  1.8190]],

        [[ 0.2718, -0.0832, -3.0165,  ..., -0.2040,  0.4505,  0.9556]],

        ...,

        [[ 2.1469, -2.0590, -1.4823,  ..., -0.2040,  1.7440,  1.8190]],

        [[ 3.4449, -1.2394, -1.7730,  ..., -0.1857,  1.7440,  1.8106]],

        [[ 3.9733, -1.7350, -2.7263,  ...,  0.8402,  1.3195,  1.8166]]],
       device='cuda:0')
tensor([[[ 0.0733, -1.0481, -2.6246,  ...,  1.2630,  0.8544,  0.8480]],

        [[-0.1032, -0.1734, -3.3293,  ...,  1.0403,  0.7998,  1.8190]],

        [[ 0.2644, -0.0788, -2.9671,  ..., -0.2040,  0.4624,  0.9481]],

        ...,

        [[ 2.2318, -2.0590, -1.5376,  ..., -0.2040,  1.7440,  1.8190]],

        [[ 3.4694, -1.2622, -1.8154,  ..., -0.1403,  1.7440,  1.8109]],

        [[ 3.9733, -1.7350, -2.7263,  ...,  0.8402,  1.3195,  1.8166]]],
       device='cuda:0')
tensor([[[ 0.0744, -1.0031, -2.5926,  ...,  1.2630,  0.8490,  0.8451]],

        [[-0.0946, -0.1653, -3.2675,  ...,  1.0188,  0.7968,  1.8190]],

        [[ 0.2575, -0.0747, -2.9207,  ..., -0.2040,  0.4736,  0.9410]],

        ...,

        [[ 2.3119, -2.0590, -1.5897,  ..., -0.2040,  1.7440,  1.8190]],

        [[ 3.4926, -1.2837, -1.8554,  ..., -0.0975,  1.7440,  1.8111]],

        [[ 3.9733, -1.7350, -2.7263,  ...,  0.8402,  1.3195,  1.8166]]],
       device='cuda:0')
tensor([[[ 0.0755, -0.9608, -2.5625,  ...,  1.2630,  0.8440,  0.8424]],

        [[-0.0866, -0.1577, -3.2095,  ...,  0.9985,  0.7939,  1.8190]],

        [[ 0.2509, -0.0709, -2.8770,  ..., -0.2040,  0.4841,  0.9343]],

        ...,

        [[ 3.8261, -1.6678, -1.8496,  ..., -0.2040,  1.7440,  1.8190]],

        [[ 4.9531,  0.0413, -2.1038,  ...,  0.2027,  1.7440,  1.7898]],

        [[ 5.4119, -0.3897, -2.9371,  ...,  1.1000,  1.0230,  1.7950]]],
       device='cuda:0')
tensor([[[ 0.0765, -0.9211, -2.5343,  ...,  1.2630,  0.8393,  0.8399]],

        [[-0.0790, -0.1506, -3.1551,  ...,  0.9795,  0.7912,  1.8190]],

        [[ 0.2448, -0.0673, -2.8361,  ..., -0.2040,  0.4940,  0.9280]],

        ...,

        [[ 2.3179, -2.0590, -1.7154,  ..., -0.2040,  1.7440,  1.8190]],

        [[ 3.5481, -1.1904, -1.9596,  ...,  0.0174,  1.7440,  1.8116]],

        [[ 4.0490, -1.6578, -2.7605,  ...,  0.8817,  1.2736,  1.8166]]],
       device='cuda:0')
tensor([[[ 0.0774, -0.8839, -2.5079,  ...,  1.2630,  0.8348,  0.8375]],

        [[-0.0719, -0.1439, -3.1040,  ...,  0.9616,  0.7887,  1.8190]],

        [[ 0.2391, -0.0640, -2.7977,  ..., -0.2040,  0.5032,  0.9221]],

        ...,

        [[ 2.3974, -2.0590, -1.7589,  ..., -0.2040,  1.7440,  1.8190]],

        [[ 3.5712, -1.2116, -1.9930,  ...,  0.0533,  1.7440,  1.8118]],

        [[ 4.0490, -1.6578, -2.7605,  ...,  0.8817,  1.2736,  1.8166]]],
       device='cuda:0')
tensor([[[ 0.0783, -0.8490, -2.4831,  ...,  1.2630,  0.8307,  0.8352]],

        [[-0.0653, -0.1377, -3.0562,  ...,  0.9449,  0.7863,  1.8190]],

        [[ 0.2337, -0.0608, -2.7617,  ..., -0.2040,  0.5119,  0.9166]],

        ...,

        [[ 2.4724, -2.0590, -1.7998,  ..., -0.2040,  1.7440,  1.8190]],

        [[ 3.5929, -1.2316, -2.0243,  ...,  0.0869,  1.7440,  1.8119]],

        [[ 4.0490, -1.6578, -2.7605,  ...,  0.8817,  1.2736,  1.8166]]],
       device='cuda:0')
tensor([[[ 1.0238e-01,  1.8706e-02, -1.8711e+00,  ...,  5.3095e-01,
           7.2949e-01,  7.8163e-01]],

        [[ 6.2832e+00,  8.8272e-01, -3.4543e+00,  ...,  2.1715e-01,
           3.7064e-01,  8.5717e-01]],

        [[ 3.2553e+00, -3.9040e-01, -3.5968e+00,  ...,  4.2567e-01,
           2.7369e-01,  1.0444e+00]],

        ...,

        [[-2.9637e+00, -7.8906e-01, -2.8057e+00,  ...,  1.3416e-01,
          -1.8380e-01,  7.0785e-01]],

        [[ 6.2832e+00,  5.5663e-03, -1.8505e+00,  ..., -1.2417e-01,
           1.7157e+00,  5.9956e-01]],

        [[ 3.2553e+00, -3.9041e-01, -3.5968e+00,  ..., -6.9367e-02,
           1.5758e+00,  1.7122e+00]]], device='cuda:0')
tensor([[[ 1.0238e-01,  1.8706e-02, -1.8711e+00,  ...,  5.3095e-01,
           7.2949e-01,  7.8163e-01]],

        [[ 6.2832e+00,  8.8272e-01, -3.4543e+00,  ...,  2.1715e-01,
           3.7064e-01,  8.5717e-01]],

        [[ 3.2553e+00, -3.9040e-01, -3.5968e+00,  ...,  4.2567e-01,
           2.7369e-01,  1.0444e+00]],

        ...,

        [[-2.9637e+00, -7.8906e-01, -2.8057e+00,  ...,  1.3416e-01,
          -1.8380e-01,  7.0785e-01]],

        [[ 6.2832e+00,  5.5663e-03, -1.8505e+00,  ..., -1.2417e-01,
           1.7157e+00,  5.9956e-01]],

        [[ 3.2553e+00, -3.9041e-01, -3.5968e+00,  ..., -6.9367e-02,
           1.5758e+00,  1.7122e+00]]], device='cuda:0')
tensor([[[ 0.0649, -1.3839, -2.8630,  ...,  1.2630,  0.8944,  0.8696]],

        [[-0.1672, -0.2335, -3.7897,  ...,  1.2012,  0.8226,  1.8190]],

        [[ 0.3162, -0.1092, -3.3135,  ..., -0.2040,  0.3789,  1.0012]],

        ...,

        [[ 1.7282, -2.0515, -1.1864,  ..., -0.2040,  1.7440,  1.8190]],

        [[ 2.9725, -0.0832, -1.5179,  ..., -0.2040,  1.7440,  1.6876]],

        [[ 3.4791, -0.5796, -2.6050,  ...,  0.7334,  1.5586,  1.6951]]],
       device='cuda:0')
tensor([[[ 0.0665, -1.3193, -2.8172,  ...,  1.2630,  0.8867,  0.8655]],

        [[-0.1549, -0.2220, -3.7012,  ...,  1.1703,  0.8182,  1.8190]],

        [[ 0.3062, -0.1034, -3.2469,  ..., -0.2040,  0.3949,  0.9910]],

        ...,

        [[ 1.8088, -1.9837, -1.2517,  ..., -0.2040,  1.7440,  1.8190]],

        [[ 2.9958, -0.1061, -1.5680,  ..., -0.2040,  1.7440,  1.6879]],

        [[ 3.4791, -0.5796, -2.6050,  ...,  0.7334,  1.5586,  1.6951]]],
       device='cuda:0')
tensor([[[ 0.0680, -1.2584, -2.7739,  ...,  1.2630,  0.8794,  0.8615]],

        [[-0.1433, -0.2110, -3.6177,  ...,  1.1411,  0.8141,  1.8190]],

        [[ 0.2968, -0.0979, -3.1841,  ..., -0.2040,  0.4101,  0.9813]],

        ...,

        [[ 1.8849, -1.9198, -1.3133,  ..., -0.2040,  1.7440,  1.8190]],

        [[ 3.0178, -0.1277, -1.6152,  ..., -0.2040,  1.7440,  1.6882]],

        [[ 3.4791, -0.5796, -2.6050,  ...,  0.7334,  1.5586,  1.6951]]],
       device='cuda:0')
tensor([[[ 0.0694, -1.2010, -2.7332,  ...,  1.2630,  0.8726,  0.8579]],

        [[-0.1324, -0.2008, -3.5390,  ...,  1.1136,  0.8102,  1.8190]],

        [[ 0.2880, -0.0927, -3.1248,  ..., -0.2040,  0.4243,  0.9723]],

        ...,

        [[ 1.9566, -1.8595, -1.3714,  ..., -0.2040,  1.7440,  1.8190]],

        [[ 3.0386, -0.1480, -1.6597,  ..., -0.2040,  1.7440,  1.6885]],

        [[ 3.4791, -0.5796, -2.6050,  ...,  0.7334,  1.5586,  1.6951]]],
       device='cuda:0')
tensor([[[ 0.1024,  0.0187, -1.8711,  ...,  0.5309,  0.7295,  0.7816]],

        [[ 6.2832,  0.8827, -3.4543,  ...,  0.2172,  0.3706,  0.8572]],

        [[ 6.2832,  0.0077, -1.8559,  ...,  1.2630, -0.2890,  1.8185]],

        ...,

        [[-3.0278, -0.3904, -3.5968,  ..., -0.1285,  1.2212,  0.1589]],

        [[-6.2832,  0.1157, -2.0243,  ..., -0.1528,  1.7337,  1.8190]],

        [[ 3.2722, -1.3431, -1.8708,  ...,  0.6293,  1.3375,  1.4547]]],
       device='cuda:0')
tensor([[[ 0.0649, -1.3839, -2.8630,  ...,  1.2630,  0.8944,  0.8696]],

        [[-0.1672, -0.2335, -3.7897,  ...,  1.2012,  0.8226,  1.8190]],

        [[ 0.3162, -0.1092, -3.3135,  ..., -0.2040,  0.3789,  1.0012]],

        ...,

        [[-6.2832, -0.5987, -0.4100,  ..., -0.2040,  1.7440,  1.8190]],

        [[-6.1332,  1.3696, -0.7416,  ..., -0.2040,  1.7440,  1.1342]],

        [[-5.6266,  0.8733, -1.8286,  ..., -0.0317,  0.6388,  1.1418]]],
       device='cuda:0')
tensor([[[ 0.0665, -1.3193, -2.8172,  ...,  1.2630,  0.8867,  0.8655]],

        [[-0.1549, -0.2220, -3.7012,  ...,  1.1703,  0.8182,  1.8190]],

        [[ 0.3062, -0.1034, -3.2469,  ..., -0.2040,  0.3949,  0.9910]],

        ...,

        [[-6.2832, -0.5309, -0.4754,  ..., -0.2040,  1.7440,  1.8190]],

        [[-6.1099,  1.3467, -0.7916,  ..., -0.2040,  1.7440,  1.1346]],

        [[-5.6266,  0.8733, -1.8286,  ..., -0.0317,  0.6388,  1.1418]]],
       device='cuda:0')
tensor([[[ 0.0680, -1.2584, -2.7739,  ...,  1.2630,  0.8794,  0.8615]],

        [[-0.1433, -0.2110, -3.6177,  ...,  1.1411,  0.8141,  1.8190]],

        [[ 0.2968, -0.0979, -3.1841,  ..., -0.2040,  0.4101,  0.9813]],

        ...,

        [[-6.2832, -0.4670, -0.5370,  ..., -0.2040,  1.7440,  1.8190]],

        [[-6.0879,  1.3252, -0.8389,  ..., -0.2040,  1.7440,  1.1349]],

        [[-5.6266,  0.8733, -1.8286,  ..., -0.0317,  0.6388,  1.1418]]],
       device='cuda:0')
tensor([[[ 0.0694, -1.2010, -2.7332,  ...,  1.2630,  0.8726,  0.8579]],

        [[-0.1324, -0.2008, -3.5390,  ...,  1.1136,  0.8102,  1.8190]],

        [[ 0.2880, -0.0927, -3.1248,  ..., -0.2040,  0.4243,  0.9723]],

        ...,

        [[-6.2832, -0.4067, -0.5951,  ..., -0.2040,  1.7440,  1.8190]],

        [[-6.0671,  1.3048, -0.8834,  ..., -0.2040,  1.7440,  1.1352]],

        [[-5.6266,  0.8733, -1.8286,  ..., -0.0317,  0.6388,  1.1418]]],
       device='cuda:0')
tensor([[[ 0.1024,  0.0187, -1.8711,  ...,  0.5309,  0.7295,  0.7816]],

        [[ 3.2553, -0.3904, -3.5967,  ..., -0.1602,  1.5665, -0.2249]],

        [[ 6.2832,  0.9821, -3.6242,  ...,  1.2630,  0.5770,  0.6170]],

        ...,

        [[-3.0278, -0.3904, -3.5968,  ..., -0.1285,  1.2212,  0.1589]],

        [[-3.0110, -1.3431, -1.8708,  ..., -0.0576,  0.9790,  0.3871]],

        [[-6.1733,  0.9751, -3.6055,  ..., -0.0709,  1.4280,  1.7420]]],
       device='cuda:0')
tensor([[[ 0.0649, -1.3839, -2.8630,  ...,  1.2630,  0.8944,  0.8696]],

        [[-0.1672, -0.2335, -3.7897,  ...,  1.2012,  0.8226,  1.8190]],

        [[ 0.3162, -0.1092, -3.3135,  ..., -0.2040,  0.3789,  1.0012]],

        ...,

        [[ 0.0715, -2.0022,  0.1920,  ..., -0.2040,  1.7440,  0.7803]],

        [[ 1.3158, -0.0339,  0.1920,  ..., -0.2040,  1.7440, -0.1573]],

        [[ 1.8224, -0.5302, -0.2087,  ...,  0.8957,  0.3019, -0.1497]]],
       device='cuda:0')
tensor([[[ 0.0665, -1.3193, -2.8172,  ...,  1.2630,  0.8867,  0.8655]],

        [[-0.1549, -0.2220, -3.7012,  ...,  1.1703,  0.8182,  1.8190]],

        [[ 0.3062, -0.1034, -3.2469,  ..., -0.2040,  0.3949,  0.9910]],

        ...,

        [[-0.9725, -2.0590,  0.1920,  ..., -0.2040,  1.6420,  0.8168]],

        [[ 0.2943, -1.0363,  0.1920,  ..., -0.2040,  1.3361, -0.0780]],

        [[ 0.8101, -1.5415, -0.6052,  ...,  0.3514, -0.2299, -0.0708]]],
       device='cuda:0')
tensor([[[ 0.0680, -1.2584, -2.7739,  ...,  1.2630,  0.8794,  0.8615]],

        [[-0.1433, -0.2110, -3.6177,  ...,  1.1411,  0.8141,  1.8190]],

        [[ 0.2968, -0.0979, -3.1841,  ..., -0.2040,  0.4101,  0.9813]],

        ...,

        [[-0.8901, -2.0590,  0.1920,  ..., -0.2040,  1.5563,  0.7764]],

        [[ 0.3182, -1.0596,  0.1920,  ..., -0.2040,  1.2645, -0.0777]],

        [[ 0.8101, -1.5415, -0.6052,  ...,  0.3514, -0.2299, -0.0708]]],
       device='cuda:0')
tensor([[[ 0.0694, -1.2010, -2.7332,  ...,  1.2630,  0.8726,  0.8579]],

        [[-0.1324, -0.2008, -3.5390,  ...,  1.1136,  0.8102,  1.8190]],

        [[ 0.2880, -0.0927, -3.1248,  ..., -0.2040,  0.4243,  0.9723]],

        ...,

        [[-0.8123, -2.0590,  0.1920,  ..., -0.2040,  1.4756,  0.7383]],

        [[ 0.3407, -1.0817,  0.1920,  ..., -0.2040,  1.1969, -0.0773]],

        [[ 0.8101, -1.5415, -0.6052,  ...,  0.3514, -0.2299, -0.0708]]],
       device='cuda:0')
tensor([[[ 0.1024,  0.0187, -1.8711,  ...,  0.5309,  0.7295,  0.7816]],

        [[ 0.0797,  0.4300, -2.7472,  ...,  0.7488,  1.1631, -0.0837]],

        [[ 0.1969,  0.3252, -2.5258,  ...,  1.1268, -0.2417,  1.3478]],

        ...,

        [[ 3.2553, -0.3904, -3.5968,  ...,  0.4726, -0.2077,  0.4412]],

        [[-3.0278, -0.3904, -3.5968,  ...,  0.6355,  0.9476, -0.1973]],

        [[ 0.1024,  0.0187, -1.8711,  ...,  0.3599, -0.2355, -0.0725]]],
       device='cuda:0')
--- Planning for Goalset: 1 poses
tensor([[[0., 0., 0., 0., 0., 0., 0., 0., 0., 0., 0., 0., 0., 0., 0., 0., 0., 0., 0., 0., 0., 0.]]],
       device='cuda:0')
tensor([[[0., 0., 0., 0., 0., 0., 0., 0., 0., 0., 0., 0., 0., 0., 0., 0., 0., 0., 0., 0., 0., 0.]]],
       device='cuda:0')
> /home/temp_id/paradex/paradex/inference/pickplace.py(156)pickplace()
-> approach_traj = None
(Pdb) (Pdb) 


