Not connected to PVD
+++ Using GPU PhysX
Physics Engine: PhysX
Physics Device: cuda:0
GPU Pipeline: disabled
Importing module 'gym_38' (/home/temp_id/isaacgym/python/isaacgym/_bindings/linux-x86_64/gym_38.so)
Setting GYM_USD_PLUG_INFO_PATH to /home/temp_id/isaacgym/python/isaacgym/_bindings/linux-x86_64/usd/plugInfo.json
517 517
[-0.0010307  -0.00034918  0.00093029]
[-0.0010307  -0.00034918  0.00093029]
[-0.0010307  -0.00034918  0.00093029]
[-0.0010307  -0.00034918  0.00093029]
[-0.0010307  -0.00034918  0.00093029]
[-0.0010307  -0.00034918  0.00093029]
[-0.0010307  -0.00034918  0.00093029]
[-0.0010307  -0.00034918  0.00093029]
[-0.0010307  -0.00034918  0.00093029]
[-0.0010307  -0.00034918  0.00093029]
[-0.0010307  -0.00034918  0.00093029]
[-0.0010307  -0.00034918  0.00093029]
[-0.0010307  -0.00034918  0.00093029]
[-0.0010307  -0.00034918  0.00093029]
[-0.0010307  -0.00034918  0.00093029]
[-0.0010307  -0.00034918  0.00093029]
[-0.0010307  -0.00034918  0.00093029]
[-0.0010307  -0.00034918  0.00093029]
[-0.0010307  -0.00034918  0.00093029]
[-0.0010307  -0.00034918  0.00093029]
[-0.0010307  -0.00034918  0.00093029]
[-0.0010307  -0.00034918  0.00093029]
[-0.0010307  -0.00034918  0.00093029]
[-0.0010307  -0.00034918  0.00093029]
[-0.0010307  -0.00034918  0.00093029]
[-0.0010307  -0.00034918  0.00093029]
[-0.0010307  -0.00034918  0.00093029]
[-0.0010307  -0.00034918  0.00093029]
[-0.0010307  -0.00034918  0.00093029]
[-0.0010307  -0.00034918  0.00093029]
[-0.0010307  -0.00034918  0.00093029]
[-0.0010307  -0.00034918  0.00093029]
[-0.0010307  -0.00034918  0.00093029]
[-0.0010307  -0.00034918  0.00093029]
[-0.0010307  -0.00034918  0.00093029]
[-0.0010307  -0.00034918  0.00093029]
[-0.0010307  -0.00034918  0.00093029]
[-0.0010307  -0.00034918  0.00093029]
[-0.0010307  -0.00034918  0.00093029]
[-0.0010307  -0.00034918  0.00093029]
[-0.0010307  -0.00034918  0.00093029]
[-0.0010307  -0.00034918  0.00093029]
[-0.0010307  -0.00034918  0.00093029]
[-0.0010307  -0.00034918  0.00093029]
[-0.0010307  -0.00034918  0.00093029]
[-0.0010307  -0.00034918  0.00093029]
[-0.0010307  -0.00034918  0.00093029]
[-0.0010307  -0.00034918  0.00093029]
[-0.0010307  -0.00034918  0.00093029]
[-0.0010307  -0.00034918  0.00093029]
[-0.0010307  -0.00034918  0.00093029]
[-0.0010307  -0.00034918  0.00093029]
[-0.0010307  -0.00034918  0.00093029]
[-0.0010307  -0.00034918  0.00093029]
[-0.0010307  -0.00034918  0.00093029]
[-0.0010307  -0.00034918  0.00093029]
[-0.0010307  -0.00034918  0.00093029]
[-0.0010307  -0.00034918  0.00093029]
[-0.0010307  -0.00034918  0.00093029]
[-0.0010307  -0.00034918  0.00093029]
[-0.0010307  -0.00034918  0.00093029]
[-0.0010307  -0.00034918  0.00093029]
[-0.0010307  -0.00034918  0.00093029]
[-0.0010307  -0.00034918  0.00093029]
[-0.00103206 -0.0003485   0.00093014]
[-0.00103315 -0.00034882  0.00093023]
[-0.00103315 -0.00034882  0.00093023]
[-0.00094357 -0.00044574  0.00086042]
[-0.00105824 -0.00049588  0.00093401]
[-0.00104357 -0.00035089  0.00093066]
[-0.00104657 -0.00035254  0.00093194]
[-0.00098664 -0.0002993   0.00103322]
[-0.00104899 -0.0003536   0.00093254]
[-0.00105234 -0.0003557   0.00093209]
[-0.00105579 -0.00035787  0.00093191]
[-0.00106551 -0.00036423  0.00093113]
[-0.00055321 -0.00075536  0.00124063]
[-0.00077438 -0.00053395  0.00109815]
[-0.00053228 -0.00054267  0.00141906]
[-0.00114849 -0.00040493  0.00093435]
[-0.00116475 -0.00041327  0.00093311]
[-0.00117918 -0.00042021  0.00093003]
[-0.0011996  -0.00043023  0.00092827]
[-0.00122644 -0.00044212  0.00092839]
[-0.00122644 -0.00044212  0.00092839]
[-3.91710059e-05  5.22105109e-04  1.80272082e-03]
[-0.0013369  -0.00049458  0.00093873]
[-0.00136152 -0.00050681  0.00094176]
[-0.00136152 -0.00050681  0.00094176]
[-0.00142526 -0.0005402   0.00095051]
[-0.00146592 -0.00056177  0.00095717]
[-0.00028662  0.00099658 -0.0001183 ]
[-0.00156395 -0.00061363  0.00097267]
[-1.04348186e-03 -4.06039005e-05  2.00351656e-04]
[-0.00162827 -0.00064724  0.00098148]
[-0.00166393 -0.00067135  0.00098681]
[-0.0016696  -0.00067588  0.00098743]
[-0.00167682 -0.00068024  0.00098815]
[-0.00144721 -0.00054575  0.0008667 ]
[-0.00142137 -0.00045607  0.00084177]
[-0.00150935 -0.00042607  0.0008751 ]
[-0.00153004 -0.00037561  0.00098723]
[-0.001767   -0.00072332  0.00099939]
[-0.0017796  -0.00073346  0.00100031]
[-0.0017996  -0.00074314  0.00100073]
[-0.00148797 -0.00034749  0.00121191]
[-0.00183284 -0.00076079  0.00100149]
[-0.00184698 -0.00076753  0.00100229]
[-0.00186756 -0.00077991  0.00100307]
[-0.00186756 -0.00077991  0.00100307]
[-3.31123653e-04 -1.71315227e-05  8.51341059e-04]
[-0.00156958 -0.00056825  0.00096554]
[-0.00191089 -0.00081472  0.00100826]
[-1.15384836e-03 -9.49030438e-05  8.84732863e-04]
[-0.00191032 -0.0008347   0.00101734]
[-0.00191901 -0.00085057  0.00102222]
[-0.00082504  0.00101753  0.00066177]
[-0.00157955 -0.00022444  0.00099894]
[-0.00193315 -0.00088384  0.00103709]
[-0.00192944 -0.00088495  0.00103976]
[-0.00192647 -0.00089827  0.00104876]
[-0.00193139 -0.00090955  0.0010536 ]
[-0.00193198 -0.00091821  0.00105838]
[-0.00168913 -0.00028453  0.00097816]
[-0.00193071 -0.0009436   0.00107137]
[-0.00192791 -0.00095235  0.00107688]
[-0.00159908 -0.00033788  0.00089337]
[-0.00158035 -0.00033148  0.00101577]
[-0.00130561  0.00051923  0.00100303]
[-0.00192356 -0.00098402  0.00109573]
[-0.00163372 -0.00023999  0.00102745]
[-0.00134694  0.00035405  0.0009741 ]
[-0.00191318 -0.00100451  0.00110963]
[-0.00158765 -0.00056076  0.00097695]
[-0.00133892 -0.00022943  0.00078549]
[-0.00167642 -0.00061367  0.00099719]
[-0.00191141 -0.00105502  0.00113205]
[-0.00191141 -0.00105502  0.00113205]
[-0.00190791 -0.00107241  0.00113922]
[-0.00190781 -0.00108394  0.00114461]
[-0.00124572 -0.0002528   0.00045037]
[-0.00190632 -0.0011111   0.00115692]
[-0.00106612 -0.000459    0.00029755]
[-0.00140539 -0.00098003  0.00068555]
[-0.00139414 -0.00093812  0.000746  ]
[-0.00191297 -0.0011744   0.00118089]
[-0.00191297 -0.0011744   0.00118089]
[-0.00191865 -0.00120153  0.00118948]
[-0.00157027 -0.0006836   0.00103758]
[-0.00152886 -0.00074635  0.00097638]
[-0.00130672 -0.00020847  0.0008377 ]
[-0.00169551 -0.00072684  0.00109884]
[-0.00189607 -0.00126523  0.00122093]
[-0.00123762 -0.00019471  0.00110833]
[-0.00189459 -0.00128345  0.00122772]
[-0.00189459 -0.00129068  0.0012305 ]
[-0.00161831 -0.00106159  0.00120412]
[-0.00159283 -0.00110846  0.00124576]
[-0.00189436 -0.00130697  0.00123606]
[-0.00124118 -0.00092784  0.00122563]
[-0.00153551 -0.00116327  0.00123719]
[-0.00189087 -0.00132745  0.00124272]
[-0.00189226 -0.00133884  0.00124478]
[-0.00144879 -0.00140476  0.00115652]
[-0.00149236 -0.00136058  0.00124755]
[-0.00188984 -0.00136925  0.00125106]
[-0.00148892 -0.00121461  0.00125402]
[-0.00062682 -0.00051466  0.00103836]
[-0.0018585  -0.00140323  0.00126818]
[-0.00095567 -0.00086694  0.00069276]
[-0.00183464 -0.0014175   0.00128022]
[-0.00181088 -0.00142122  0.00128844]
[-0.00164621 -0.00155487  0.00104821]
[-0.00173946 -0.00142021  0.00130793]
[-0.00167442 -0.0015453   0.00116439]
[-0.00166871 -0.00140295  0.00131972]
[-0.00159899 -0.0016253   0.00116757]
[-0.0014808  -0.00159515  0.00113597]
[-0.00163447 -0.0014141   0.00132969]
[-0.00118039 -0.00146946  0.00091387]
[-0.00164342 -0.00143941  0.00133546]
[-0.00165003 -0.0014613   0.00134096]
[-0.00160584 -0.00121276  0.00120711]
[-0.00165581 -0.00148157  0.00134779]
[-0.00166003 -0.00149365  0.00135113]
[-0.00177655 -0.00095819  0.00105765]
[-0.00165756 -0.00150535  0.00135547]
[-0.00165756 -0.00150535  0.00135547]
[-0.00165756 -0.00150535  0.00135547]
[-0.00165756 -0.00150535  0.00135547]
[-0.00165756 -0.00150535  0.00135547]
[-0.00165756 -0.00150535  0.00135547]
[-0.00165756 -0.00150535  0.00135547]
[-0.00165756 -0.00150535  0.00135547]
[-0.00165756 -0.00150535  0.00135547]
[-0.00165756 -0.00150535  0.00135547]
[-0.00189318 -0.00115247  0.00133701]
[-0.00169607 -0.00261293  0.00219647]
[-0.00154915 -0.00151906  0.00137713]
[-0.00142097 -0.00166917  0.00133904]
[-0.00150113 -0.00158912  0.00140206]
[-0.00154622 -0.00153181  0.00138195]
[-0.00153582 -0.00156278  0.00136056]
[-0.00151035 -0.00154725  0.00141346]
[-0.00155377 -0.00154211  0.00138271]
[-0.00154474 -0.00152862  0.0014899 ]
[-0.00154801 -0.00154243  0.00138314]
[-0.00154637 -0.00154478  0.00138312]
[-0.00151454 -0.0014933   0.00147265]
[-0.00155452 -0.00155823  0.00138314]
[-0.00156121 -0.00156648  0.00138366]
[-0.00149665 -0.00127288  0.00193944]
[-0.00159259 -0.00143417  0.0016541 ]
[-0.00166864 -0.00135542  0.00196421]
[-0.00158181 -0.00159017  0.0013811 ]
[-0.00159759 -0.00161251  0.00137983]
[-0.00160111 -0.00162124  0.00137876]
[-0.00160497 -0.0016277   0.00137785]
[-0.00162551 -0.00165998  0.00137506]
[-0.0016025  -0.00137965  0.00219389]
[-0.00149094 -0.00094756  0.00383996]
[-0.00167549 -0.00173212  0.00136457]
[-0.0016924  -0.00146658  0.00226256]
[-0.00160631 -0.0013628   0.00310271]
[-0.00170827 -0.00167005  0.00226684]
[-0.00167747 -0.00175431  0.00134774]
[-0.00168619 -0.00176611  0.00134181]
[-0.00169047 -0.00177124  0.00133875]
[-0.00169047 -0.00177124  0.00133875]
[-0.00169047 -0.00177124  0.00133875]
[-0.00169047 -0.00177124  0.00133875]
[-0.00154323 -0.00136644  0.00755479]
[-0.00169628 -0.00179584  0.00130543]
[-0.00138506 -0.00130565  0.00707129]
[-0.00173925 -0.00157013  0.00284356]
[-0.00168656 -0.00179366  0.00128106]
[-0.00167268 -0.0017873   0.00127029]
[-0.00167472 -0.00179149  0.00126269]
[-0.00167587 -0.00179378  0.00125885]
[-0.00164789 -0.00142233  0.00527127]
[-0.00167072 -0.00179725  0.0012447 ]
[-0.00167072 -0.00179725  0.0012447 ]
[-0.00165512 -0.00167412  0.00240653]
[-0.00166962 -0.00168924  0.00200161]
[-0.0016696  -0.00181829  0.00122368]
[-0.00164389 -0.00176633  0.00192558]
[-0.00166805 -0.00182792  0.00121936]
[-0.0016635  -0.00183348  0.0012152 ]
[-0.00168685 -0.00163244  0.00246025]
[-0.00167133 -0.00180271  0.00182872]
[-0.00167072 -0.00170962  0.00244317]
[-0.00166777 -0.00177703  0.0018045 ]
[-0.00165941 -0.00184654  0.00120247]
[-0.00165941 -0.00184654  0.00120247]
[-0.0015956  -0.00184238  0.0024621 ]
[-0.00164477 -0.00180339  0.0018251 ]
[-0.00168368 -0.00189632  0.00171925]
[-0.00169692 -0.00183831  0.00205312]
[-0.00169326 -0.00180279  0.00151902]
[-0.00165353 -0.00185987  0.00118144]
[-0.00165319 -0.00186084  0.00118055]
[-0.0016954  -0.00179254  0.00132389]
[-0.00165778 -0.00186483  0.00117724]
[-0.00171551 -0.00196358  0.00179219]
[-0.00165055 -0.00188197  0.00146412]
[-0.00164266 -0.00191233  0.00140592]
[-0.00165632 -0.00186489  0.00117059]
[-0.00165341 -0.00186351  0.00116967]
[-0.00172326 -0.00161747  0.00126805]
[-0.00165199 -0.00186327  0.00116918]
[-0.00165045 -0.00186581  0.00117205]
[-0.00153519 -0.00171556  0.00047829]
[-0.00164871 -0.00186724  0.00117504]
[-0.0015435  -0.00177371  0.00043278]
[-0.00164613 -0.00187471  0.00118801]
[-0.00143863 -0.00164185 -0.00069169]
[-0.00163935 -0.0018785   0.00120457]
[-0.00144105 -0.00188374 -0.00025545]
[-0.00162082 -0.00187102  0.00122795]
[-0.00160266 -0.00185983  0.00123881]
[-0.00130273 -0.00195064 -0.00059495]
[-0.00158309 -0.00184595  0.00126572]
[-0.00159487 -0.00185765  0.00127832]
[-0.00113171 -0.00212676 -0.00065464]
[-0.00112335 -0.00206417 -0.00062858]
[-0.00157956 -0.0018392   0.00131642]
[-0.00137771 -0.0019538  -0.000362  ]
[-0.00154587 -0.00181891  0.00134171]
[-0.00152576 -0.00165414 -0.00024865]
[-0.00149511 -0.0017874   0.0013684 ]
[-1.59364192e-03 -1.59093156e-03 -3.64556678e-05]
[-0.00154139 -0.00162728  0.00026786]
[-0.00136381 -0.00170122  0.00140365]
[-0.0014887  -0.00167119  0.00026002]
[-0.00122081 -0.00162236  0.00143677]
[-0.0011766  -0.00159948  0.00144877]
[-0.00111504 -0.00157369  0.00146728]
[-0.00126873 -0.00142873  0.00038982]
[-0.0010716  -0.00155091  0.00147849]
[-0.00114353 -0.00133195  0.0003821 ]
[-0.00132795 -0.0011706  -0.00033339]
[-0.00121372 -0.00135512 -0.00021347]
[-0.00111027 -0.00140053 -0.00018425]
[-0.00098932 -0.0015257   0.00151995]
[-0.00116018 -0.00108053 -0.00157048]
[-0.00096174 -0.00136463  0.0008616 ]
[-0.00100856 -0.00156782  0.00154404]
[-0.00089506 -0.00114796  0.00081491]
[-0.00102084 -0.00158231  0.00154916]
[-0.00102081 -0.00158593  0.00155126]
[-0.00102928 -0.00161505  0.00155982]
[-0.0009345  -0.00136407  0.00140735]
[-0.00105686 -0.00163624  0.00156197]
[-0.0009816  -0.00157641  0.00143446]
[-0.00104508 -0.00148157  0.0014284 ]
[-0.00108382 -0.00155215  0.00149818]
[-0.00109779 -0.00167008  0.00156456]
[-0.00110966 -0.0016819   0.00156477]
[-0.00111594 -0.00168661  0.00156501]
[-0.00114136 -0.00170687  0.00156578]
[-0.00115143 -0.00171472  0.00156561]
[-0.00110881 -0.0016563   0.00136948]
[-0.00119084 -0.00173424  0.00156341]
[-0.00112625 -0.00169766  0.00130242]
[-0.00121932 -0.00174704  0.00156068]
[-0.00064786 -0.00151244  0.00092193]
[-0.0010201  -0.00157831  0.00098529]
[-0.00130562 -0.00175034  0.00154842]
[-0.0012223  -0.00151815  0.00121351]
[-0.00134703 -0.00158422  0.00124644]
[-0.00135303 -0.0015741   0.00141649]
[-0.00126876 -0.00158237  0.00136518]
[-0.00137318 -0.00174072  0.00153642]
[-0.00128607 -0.00169367  0.00154437]
[-0.00137501 -0.00171108  0.00152841]
[-0.00143904 -0.0016982   0.00151571]
[-0.00142479 -0.00168765  0.00147907]
[-0.00138679 -0.00169662  0.00152267]
[-0.00135857 -0.00168595  0.00152686]
[-0.00141872 -0.00168987  0.00151381]
[-0.00159023 -0.00157342  0.00157597]
[-0.00157904 -0.00152603  0.00161714]
[-0.0015708  -0.00156536  0.00163099]
[-0.00159806 -0.00166054  0.00168944]
[-0.00183442 -0.00167711  0.00198724]
[-0.00146959 -0.00166231  0.0014912 ]
[-0.00170242 -0.00190487  0.00183214]
[-0.00151144 -0.00167335  0.00147839]
[-0.00171429 -0.00186584  0.00185475]
[-0.00180959 -0.00234866  0.00224614]
[-0.00153773 -0.00166999  0.00146163]
[-0.00154791 -0.00166774  0.00145435]
[-0.00198494 -0.00261755  0.0026315 ]
[-0.001817   -0.00209976  0.00209618]
[-0.00183213 -0.00203556  0.00200508]
[-0.00159821 -0.00165844  0.00141994]
[-0.00225396 -0.00250646  0.00233448]
[-0.00192383 -0.00211185  0.00175861]
[-0.00162916 -0.00164241  0.00139687]
[-0.00195396 -0.00212578  0.00174369]
[-0.00200804 -0.00205881  0.00175822]
[-0.00166542 -0.00162267  0.00137339]
[-0.001673   -0.00161243  0.00136502]
[-0.00190125 -0.00227632  0.00178837]
[-0.00169828 -0.0016029   0.00134582]
[-0.00172077 -0.00160438  0.00133585]
[-0.00173385 -0.00159775  0.00132586]
[-0.00173865 -0.00159235  0.00132053]
[-0.00236835 -0.00439461  0.00223841]
[-0.00208553 -0.00244586  0.00164633]
[-0.00180916 -0.00158086  0.00128348]
[-0.00183865 -0.00158334  0.00127092]
[-0.00222232 -0.00248143  0.00157527]
[-0.00188024 -0.00158114  0.00125289]
[-0.00218759 -0.00249317  0.00159007]
[-0.00194763 -0.00156762  0.00121844]
[-0.00195638 -0.00156405  0.00121331]
[-0.00281973 -0.00325613  0.0018679 ]
[-0.00198939 -0.00154569  0.00119177]
[-0.00284056 -0.00364462  0.00183514]
[-0.00201382 -0.0015187   0.00116904]
[-0.00247947 -0.00247239  0.0014306 ]
[-0.00206647 -0.00151686  0.00114716]
[-0.00274707 -0.00313472  0.00172552]
[-0.00246243 -0.00209916  0.00135677]
[-0.00215918 -0.00152015  0.0011131 ]
[-0.00273697 -0.00263412  0.001317  ]
[-0.00250328 -0.00208539  0.00117837]
[-0.00221322 -0.00151262  0.00109178]
[-0.00307098 -0.00267333  0.00152458]
[-0.0027343  -0.00202941  0.00138213]
[-0.0027105  -0.00212867  0.00135332]
[-0.00349686 -0.00278368  0.00172707]
[-0.00349476 -0.00279724  0.00174254]
[-0.00231933 -0.00148215  0.001042  ]
[-0.00350649 -0.00305898  0.00207967]
[-0.0023598  -0.00146507  0.00101697]
[-0.00302184 -0.00238753  0.00180443]
[-0.00292106 -0.00216153  0.0016352 ]
[-0.00241763 -0.0014439   0.00097768]
[-0.00292015 -0.00180114  0.00117496]
[-0.00291709 -0.00178542  0.00110955]
[-0.00283095 -0.00188689  0.00106152]
[-0.0027922  -0.00192685  0.00096441]
[-0.00251303 -0.00145708  0.00094874]
[-0.00252775 -0.0014601   0.00094493]
[-0.00267363 -0.00194705  0.00086027]
[-0.002541   -0.00145601  0.00093956]
[-0.00269288 -0.0020405   0.00055453]
[-0.00254705 -0.00145412  0.00093919]
[-0.0025421  -0.00144718  0.00093998]
[-0.00253279 -0.001437    0.00094071]
[-0.0025619  -0.0011337   0.00102919]
[-0.00251833 -0.00142536  0.00094316]
[-0.00251833 -0.00142536  0.00094316]
[-0.00251833 -0.00142536  0.00094316]
[-0.00251833 -0.00142536  0.00094316]
[-0.00251833 -0.00142536  0.00094316]
[-0.00251833 -0.00142536  0.00094316]
[-0.00251833 -0.00142536  0.00094316]
[-0.00251833 -0.00142536  0.00094316]
[-0.00251833 -0.00142536  0.00094316]
[-0.00251833 -0.00142536  0.00094316]
[-0.00251833 -0.00142536  0.00094316]
[-0.00251833 -0.00142536  0.00094316]
[-0.00251833 -0.00142536  0.00094316]
[-0.00251833 -0.00142536  0.00094316]
[-0.00251833 -0.00142536  0.00094316]
[-0.00251833 -0.00142536  0.00094316]
[-0.00251833 -0.00142536  0.00094316]
[-0.00251833 -0.00142536  0.00094316]
[-0.00251833 -0.00142536  0.00094316]
[-0.00251833 -0.00142536  0.00094316]
[-0.00251833 -0.00142536  0.00094316]
[-0.00251833 -0.00142536  0.00094316]
[-0.00251833 -0.00142536  0.00094316]
[-0.00251833 -0.00142536  0.00094316]
[-0.00251833 -0.00142536  0.00094316]
[-0.00251833 -0.00142536  0.00094316]
[-0.00251833 -0.00142536  0.00094316]
[-0.00251833 -0.00142536  0.00094316]
[-0.00251833 -0.00142536  0.00094316]
[-0.00251833 -0.00142536  0.00094316]
[-0.00251833 -0.00142536  0.00094316]
[-0.00251833 -0.00142536  0.00094316]
[-0.00251833 -0.00142536  0.00094316]
[-0.00251833 -0.00142536  0.00094316]
[-0.00251833 -0.00142536  0.00094316]
[-0.00251833 -0.00142536  0.00094316]
[-0.00251833 -0.00142536  0.00094316]
[-0.00251833 -0.00142536  0.00094316]
[-0.00251833 -0.00142536  0.00094316]
[-0.00251833 -0.00142536  0.00094316]
[-0.00251833 -0.00142536  0.00094316]
[-0.00251833 -0.00142536  0.00094316]
[-0.00251833 -0.00142536  0.00094316]
[-0.00251833 -0.00142536  0.00094316]
[-0.00251833 -0.00142536  0.00094316]
[-0.00251833 -0.00142536  0.00094316]
[-0.00251833 -0.00142536  0.00094316]
[-0.00251833 -0.00142536  0.00094316]
[-0.00251833 -0.00142536  0.00094316]
[-0.00251833 -0.00142536  0.00094316]
[-0.00251833 -0.00142536  0.00094316]
[-0.00251833 -0.00142536  0.00094316]
[-0.00251833 -0.00142536  0.00094316]
[-0.00251833 -0.00142536  0.00094316]
[-0.00251833 -0.00142536  0.00094316]
[-0.00251833 -0.00142536  0.00094316]
[-0.00251833 -0.00142536  0.00094316]
[-0.00251833 -0.00142536  0.00094316]
[-0.00251833 -0.00142536  0.00094316]
[-0.00251833 -0.00142536  0.00094316]
[-0.00251833 -0.00142536  0.00094316]
[-0.00251833 -0.00142536  0.00094316]
[-0.00251833 -0.00142536  0.00094316]
[-0.00251833 -0.00142536  0.00094316]
[-0.00251833 -0.00142536  0.00094316]
[-0.00251833 -0.00142536  0.00094316]
[-0.00251833 -0.00142536  0.00094316]
[-0.00251833 -0.00142536  0.00094316]
[-0.00251833 -0.00142536  0.00094316]
[-0.00251833 -0.00142536  0.00094316]
[-0.00251833 -0.00142536  0.00094316]
[-0.00251833 -0.00142536  0.00094316]
[-0.00251833 -0.00142536  0.00094316]
[-0.00251833 -0.00142536  0.00094316]
[-0.00251833 -0.00142536  0.00094316]
[-0.00251833 -0.00142536  0.00094316]
[-0.00251833 -0.00142536  0.00094316]
[-0.00251833 -0.00142536  0.00094316]
[-0.00251833 -0.00142536  0.00094316]
[-0.00251833 -0.00142536  0.00094316]
[-0.00251833 -0.00142536  0.00094316]
[-0.00251833 -0.00142536  0.00094316]
[-0.00251833 -0.00142536  0.00094316]
[-0.00251833 -0.00142536  0.00094316]
[-0.00251833 -0.00142536  0.00094316]
[-0.00251833 -0.00142536  0.00094316]
[-0.00251833 -0.00142536  0.00094316]
[-0.00251833 -0.00142536  0.00094316]
[-0.00251833 -0.00142536  0.00094316]
[-0.00251833 -0.00142536  0.00094316]
[-0.00251833 -0.00142536  0.00094316]
[-0.00251833 -0.00142536  0.00094316]
[-0.00251833 -0.00142536  0.00094316]
[-0.00251833 -0.00142536  0.00094316]
[-0.00251833 -0.00142536  0.00094316]
[-0.00251833 -0.00142536  0.00094316]
[-0.00251833 -0.00142536  0.00094316]
[-0.00251833 -0.00142536  0.00094316]
[-0.00251833 -0.00142536  0.00094316]
[-0.00251833 -0.00142536  0.00094316]
[-0.00251833 -0.00142536  0.00094316]
[-0.00251833 -0.00142536  0.00094316]
[-0.00251833 -0.00142536  0.00094316]
[-0.00251833 -0.00142536  0.00094316]
Simulation terminated
Using VHACD cache directory '/home/temp_id/.isaacgym/vhacd'
