----------------------------------------------------------------------
23022627     23022632     275    0.00       0.00       0     0    
23022627     23028333     337    0.00       0.00       0     0    
23022627     23263780     486    0.00       0.00       0     0    
23022627     23280286     428    0.00       0.00       0     0    
23022627     23022633     492    0.00       0.00       0     0    
22645029     23022627     344    0.00       0.00       0     0    
22684755     23022627     325    0.00       0.00       0     0    
22684253     23022627     495    0.00       0.00       0     0    
23022627     23280285     501    0.00       0.00       0     0    
22684210     23022627     239    0.00       0.00       0     0    
22684737     23022627     282    0.00       0.00       0     0    
23022627     23022639     427    0.00       0.00       0     0    
23022627     23173282     503    0.00       0.00       0     0    
23022632     23028333     112    0.00       0.00       0     0    
23022632     23263780     610    0.00       0.00       0     0    
23022632     23280286     210    0.00       0.00       0     0    
23022632     23022633     862    0.00       0.00       0     0    
22645029     23022632     225    0.00       0.00       0     0    
22684755     23022632     861    0.00       0.00       0     0    
22684253     23022632     693    0.00       0.00       0     0    
23022632     23280285     885    0.00       0.00       0     0    
22684210     23022632     845    0.00       0.00       0     0    
22684737     23022632     736    0.00       0.00       0     0    
23022632     23022639     374    0.00       0.00       0     0    
23022632     23173282     603    0.00       0.00       0     0    
23028333     23263780     349    0.00       0.00       0     0    
23028333     23280286     897    0.00       0.00       0     0    
23022633     23028333     505    0.00       0.00       0     0    
22645029     23028333     736    0.00       0.00       0     0    
22684755     23028333     202    0.00       0.00       0     0    
22684253     23028333     932    0.00       0.00       0     0    
23028333     23280285     913    0.00       0.00       0     0    
22684210     23028333     85     0.00       0.00       0     0    
22684737     23028333     149    0.00       0.00       0     0    
23022639     23028333     282    0.00       0.00       0     0    
23028333     23173282     541    0.00       0.00       0     0    
23263780     23280286     445    0.00       0.00       0     0    
23022633     23263780     841    0.00       0.00       0     0    
22645029     23263780     369    0.00       0.00       0     0    
22684755     23263780     663    0.00       0.00       0     0    
22684253     23263780     835    0.00       0.00       0     0    
23263780     23280285     847    0.00       0.00       0     0    
22684210     23263780     571    0.00       0.00       0     0    
22684737     23263780     618    0.00       0.00       0     0    
23022639     23263780     526    0.00       0.00       0     0    
23173282     23263780     795    0.00       0.00       0     0    
23022633     23280286     592    0.00       0.00       0     0    
22645029     23280286     828    0.00       0.00       0     0    
22684755     23280286     279    0.00       0.00       0     0    
22684253     23280286     1411   0.00       0.00       0     0    
23280285     23280286     984    0.00       0.00       0     0    
22684210     23280286     356    0.00       0.00       0     0    
22684737     23280286     223    0.00       0.00       0     0    
23022639     23280286     592    0.00       0.00       0     0    
23173282     23280286     651    0.00       0.00       0     0    
22645029     23022633     503    0.00       0.00       0     0    
22684755     23022633     937    0.00       0.00       0     0    
22684253     23022633     1078   0.00       0.00       0     0    
23022633     23280285     1286   0.00       0.00       0     0    
22684210     23022633     844    0.00       0.00       0     0    
22684737     23022633     783    0.00       0.00       0     0    
23022633     23022639     548    0.00       0.00       0     0    
23022633     23173282     985    0.00       0.00       0     0    
22645029     22684755     196    0.00       0.00       0     0    
22645029     22684253     882    0.00       0.00       0     0    
22645029     23280285     866    0.00       0.00       0     0    
22645029     22684210     202    0.00       0.00       0     0    
22645029     22684737     180    0.00       0.00       0     0    
22645029     23022639     287    0.00       0.00       0     0    
22645029     23173282     543    0.00       0.00       0     0    
22684253     22684755     748    0.00       0.00       0     0    
22684755     23280285     983    0.00       0.00       0     0    
22684210     22684755     851    0.00       0.00       0     0    
22684737     22684755     764    0.00       0.00       0     0    
22684755     23022639     450    0.00       0.00       0     0    
22684755     23173282     658    0.00       0.00       0     0    
22684253     23280285     1500   0.00       0.00       0     0    
22684210     22684253     728    0.00       0.00       0     0    
22684253     22684737     701    0.00       0.00       0     0    
22684253     23022639     625    0.00       0.00       0     0    
22684253     23173282     1014   0.00       0.00       0     0    
22684210     23280285     932    0.00       0.00       0     0    
22684737     23280285     793    0.00       0.00       0     0    
23022639     23280285     603    0.00       0.00       0     0    
23173282     23280285     1025   0.00       0.00       0     0    
22684210     22684737     707    0.00       0.00       0     0    
22684210     23022639     952    0.00       0.00       0     0    
22684210     23173282     578    0.00       0.00       0     0    
22684737     23022639     377    0.00       0.00       0     0    
22684737     23173282     604    0.00       0.00       0     0    
23022639     23173282     564    0.00       0.00       0     0    
23022627     23263775     29     0.00       0.00       0     0    
23028333     23263775     535    0.00       0.00       0     0    
23263775     23263780     35     0.00       0.00       0     0    
23263775     23280286     710    0.00       0.00       0     0    
23022633     23263775     241    0.00       0.00       0     0    
22645029     23263775     491    0.00       0.00       0     0    
22684253     23263775     738    0.00       0.00       0     0    
23263775     23280285     647    0.00       0.00       0     0    
23022639     23263775     7      0.00       0.00       0     0    
23173282     23263775     156    0.00       0.00       0     0    
23022627     23173281     28     0.00       0.00       0     0    
23028333     23173281     514    0.00       0.00       0     0    
23173281     23263780     28     0.00       0.00       0     0    
23173281     23280286     801    0.00       0.00       0     0    
23022633     23173281     163    0.00       0.00       0     0    
22645029     23173281     515    0.00       0.00       0     0    
23173281     23263775     635    0.00       0.00       0     0    
22684253     23173281     816    0.00       0.00       0     0    
23173281     23280285     500    0.00       0.00       0     0    
23022639     23173281     29     0.00       0.00       0     0    
23173281     23173282     189    0.00       0.00       0     0    
23028333     23029839     380    0.00       0.00       0     0    
23029839     23173281     613    0.00       0.00       0     0    
23029839     23280286     889    0.00       0.00       0     0    
22645029     23029839     332    0.00       0.00       0     0    
23029839     23263775     692    0.00       0.00       0     0    
22684253     23029839     862    0.00       0.00       0     0    
23029839     23280285     710    0.00       0.00       0     0    
23029839     23173282     28     0.00       0.00       0     0    
22640993     23028333     354    0.00       0.00       0     0    
22640993     23173281     540    0.00       0.00       0     0    
22640993     23280286     817    0.00       0.00       0     0    
22640993     22645029     311    0.00       0.00       0     0    
22640993     23263775     519    0.00       0.00       0     0    
22640993     22684253     710    0.00       0.00       0     0    
22640993     23280285     344    0.00       0.00       0     0    
22640993     23173282     36     0.00       0.00       0     0    
22640993     23029839     957    0.00       0.00       0     0    
22640993     23022633     6      0.00       0.00       0     0    
23022633     23029839     266    0.00       0.00       0     0    
22645021     23028333     312    0.00       0.00       0     0    
22645021     23173281     554    0.00       0.00       0     0    
22645021     23280286     727    0.00       0.00       0     0    
22645021     22645029     268    0.00       0.00       0     0    
22645021     23029839     738    0.00       0.00       0     0    
22645021     23263775     503    0.00       0.00       0     0    
22645021     22684253     715    0.00       0.00       0     0    
22645021     23280285     302    0.00       0.00       0     0    
22640993     22645021     666    0.00       0.00       0     0    
22645021     23280594     651    0.00       0.00       0     0    
23028333     23280594     312    0.00       0.00       0     0    
23173281     23280594     495    0.00       0.00       0     0    
23280286     23280594     758    0.00       0.00       0     0    
22645029     23280594     267    0.00       0.00       0     0    
23029839     23280594     775    0.00       0.00       0     0    
23263775     23280594     473    0.00       0.00       0     0    
22684253     23280594     660    0.00       0.00       0     0    
23280285     23280594     300    0.00       0.00       0     0    
22641023     22645021     707    0.00       0.00       0     0    
22640993     22641023     787    0.00       0.00       0     0    
22641023     23028333     303    0.00       0.00       0     0    
22641023     23173281     545    0.00       0.00       0     0    
22641023     23280286     792    0.00       0.00       0     0    
22641023     22645029     261    0.00       0.00       0     0    
22641023     23029839     861    0.00       0.00       0     0    
22641023     23263775     497    0.00       0.00       0     0    
22641023     22684253     715    0.00       0.00       0     0    
22641023     23280285     295    0.00       0.00       0     0    
22641023     23280594     743    0.00       0.00       0     0    
22640993     23280594     702    0.00       0.00       0     0    
22645021     23180202     620    0.00       0.00       0     0    
23180202     23280594     652    0.00       0.00       0     0    
22641023     23180202     747    0.00       0.00       0     0    
22640993     23180202     807    0.00       0.00       0     0    
23028333     23180202     186    0.00       0.00       0     0    
23173281     23180202     426    0.00       0.00       0     0    
23180202     23280286     697    0.00       0.00       0     0    
22645029     23180202     143    0.00       0.00       0     0    
23029839     23180202     992    0.00       0.00       0     0    
23180202     23263775     377    0.00       0.00       0     0    
22684253     23180202     598    0.00       0.00       0     0    
23180202     23280285     176    0.00       0.00       0     0    
22641005     22645021     520    0.00       0.00       0     0    
22641005     23280594     555    0.00       0.00       0     0    
22641005     22641023     648    0.00       0.00       0     0    
22640993     22641005     710    0.00       0.00       0     0    
22641005     23028333     92     0.00       0.00       0     0    
22641005     23180202     875    0.00       0.00       0     0    
22641005     23173281     357    0.00       0.00       0     0    
22641005     23280286     615    0.00       0.00       0     0    
22641005     22645029     76     0.00       0.00       0     0    
22641005     23029839     872    0.00       0.00       0     0    
22641005     23263775     282    0.00       0.00       0     0    
22641005     22684253     499    0.00       0.00       0     0    
22641005     23280285     79     0.00       0.00       0     0    
22645021     22684210     83     0.00       0.00       0     0    
22684210     23280594     169    0.00       0.00       0     0    
22641023     22684210     203    0.00       0.00       0     0    
22641005     22684210     431    0.00       0.00       0     0    
22640993     22684210     317    0.00       0.00       0     0    
22684210     23180202     450    0.00       0.00       0     0    
22684210     23173281     16     0.00       0.00       0     0    
22684210     23029839     938    0.00       0.00       0     0    
22645021     23022639     115    0.00       0.00       0     0    
23022639     23280594     198    0.00       0.00       0     0    
22641023     23022639     242    0.00       0.00       0     0    
22641005     23022639     423    0.00       0.00       0     0    
22640993     23022639     345    0.00       0.00       0     0    
23022639     23180202     444    0.00       0.00       0     0    
23022639     23029839     662    0.00       0.00       0     0    
23173282     23280594     19     0.00       0.00       0     0    
22641023     23173282     13     0.00       0.00       0     0    
22641005     23173282     19     0.00       0.00       0     0    
23173282     23180202     18     0.00       0.00       0     0    
22641005     23012641     2      0.00       0.00       0     0    
23012641     23180202     14     0.00       0.00       0     0    
23012641     23029839     442    0.00       0.00       0     0    
22684210     23012641     871    0.00       0.00       0     0    
23012641     23022639     374    0.00       0.00       0     0    
23012641     23280285     745    0.00       0.00       0     0    
22684755     23029839     292    0.00       0.00       0     0    
22684755     23012641     667    0.00       0.00       0     0    
23012641     23022633     670    0.00       0.00       0     0    
23022632     23029839     255    0.00       0.00       0     0    
23012641     23022632     666    0.00       0.00       0     0    
23022632     23263775     126    0.00       0.00       0     0    
22684755     23263775     125    0.00       0.00       0     0    
22684210     23263775     126    0.00       0.00       0     0    
23012641     23263775     126    0.00       0.00       0     0    
22684737     23029839     153    0.00       0.00       0     0    
22684737     23012641     589    0.00       0.00       0     0    
22684737     23263775     65     0.00       0.00       0     0    
22684253     23012641     506    0.00       0.00       0     0    
23029839     23263780     24     0.00       0.00       0     0    
23012641     23263780     413    0.00       0.00       0     0    
23012641     23173282     406    0.00       0.00       0     0    
23012641     23022627     110    0.00       0.00       0     0    
22645029     23012641     83     0.00       0.00       0     0    
23012641     23280286     51     0.00       0.00       0     0    
23012641     23028333     3      0.00       0.00       0     0    
----------------------------------------------------------------------
22641023     23280594     847    0.00       0.00       0     0    
22641023     23028333     411    0.00       0.00       0     0    
22641023     23173281     647    0.00       0.00       0     0    
22641023     23280286     886    0.00       0.00       0     0    
22641023     23029839     954    0.00       0.00       0     0    
22641023     22645029     399    0.00       0.00       0     0    
22641023     23263775     597    0.00       0.00       0     0    
22641023     22684253     820    0.00       0.00       0     0    
22641023     23280285     400    0.00       0.00       0     0    
23028333     23280594     420    0.00       0.00       0     0    
23173281     23280594     602    0.00       0.00       0     0    
23280286     23280594     848    0.00       0.00       0     0    
23029839     23280594     872    0.00       0.00       0     0    
22645029     23280594     408    0.00       0.00       0     0    
23263775     23280594     584    0.00       0.00       0     0    
22684253     23280594     775    0.00       0.00       0     0    
23280285     23280594     409    0.00       0.00       0     0    
23028333     23173281     629    0.00       0.00       0     0    
23028333     23280286     924    0.00       0.00       0     0    
23028333     23029839     477    0.00       0.00       0     0    
22645029     23028333     814    0.00       0.00       0     0    
23028333     23263775     657    0.00       0.00       0     0    
22684253     23028333     944    0.00       0.00       0     0    
23028333     23280285     918    0.00       0.00       0     0    
23173281     23280286     896    0.00       0.00       0     0    
23029839     23173281     710    0.00       0.00       0     0    
22645029     23173281     645    0.00       0.00       0     0    
23173281     23263775     757    0.00       0.00       0     0    
22684253     23173281     912    0.00       0.00       0     0    
23173281     23280285     619    0.00       0.00       0     0    
23029839     23280286     969    0.00       0.00       0     0    
22645029     23280286     920    0.00       0.00       0     0    
23263775     23280286     820    0.00       0.00       0     0    
22684253     23280286     1427   0.00       0.00       0     0    
23280285     23280286     1004   0.00       0.00       0     0    
22645029     23029839     465    0.00       0.00       0     0    
23029839     23263775     784    0.00       0.00       0     0    
22684253     23029839     961    0.00       0.00       0     0    
23029839     23280285     802    0.00       0.00       0     0    
22645029     23263775     641    0.00       0.00       0     0    
22645029     22684253     967    0.00       0.00       0     0    
22645029     23280285     925    0.00       0.00       0     0    
22684253     23263775     847    0.00       0.00       0     0    
23263775     23280285     767    0.00       0.00       0     0    
22684253     23280285     1533   0.00       0.00       0     0    
22640993     22641023     905    0.00       0.00       0     0    
22640993     23280594     820    0.00       0.00       0     0    
22640993     23028333     460    0.00       0.00       0     0    
22640993     23173281     662    0.00       0.00       0     0    
22640993     23280286     916    0.00       0.00       0     0    
22640993     23029839     1046   0.00       0.00       0     0    
22640993     22645029     448    0.00       0.00       0     0    
22640993     23263775     636    0.00       0.00       0     0    
22640993     22684253     834    0.00       0.00       0     0    
22640993     23280285     449    0.00       0.00       0     0    
22641023     22645021     789    0.00       0.00       0     0    
22645021     23280594     743    0.00       0.00       0     0    
22645021     23028333     402    0.00       0.00       0     0    
22640993     22645021     774    0.00       0.00       0     0    
22645021     23173281     641    0.00       0.00       0     0    
22645021     23280286     809    0.00       0.00       0     0    
22645021     23029839     823    0.00       0.00       0     0    
22645021     22645029     390    0.00       0.00       0     0    
22645021     23263775     588    0.00       0.00       0     0    
22645021     22684253     806    0.00       0.00       0     0    
22645021     23280285     391    0.00       0.00       0     0    
22641023     23180202     756    0.00       0.00       0     0    
23180202     23280594     661    0.00       0.00       0     0    
22645021     23180202     636    0.00       0.00       0     0    
23028333     23180202     211    0.00       0.00       0     0    
22640993     23180202     812    0.00       0.00       0     0    
23173281     23180202     448    0.00       0.00       0     0    
23180202     23280286     699    0.00       0.00       0     0    
23029839     23180202     985    0.00       0.00       0     0    
22645029     23180202     198    0.00       0.00       0     0    
23180202     23263775     397    0.00       0.00       0     0    
22684253     23180202     621    0.00       0.00       0     0    
23180202     23280285     200    0.00       0.00       0     0    
22641005     22641023     646    0.00       0.00       0     0    
22641005     23280594     552    0.00       0.00       0     0    
22641005     22645021     523    0.00       0.00       0     0    
22641005     23028333     105    0.00       0.00       0     0    
22640993     22641005     704    0.00       0.00       0     0    
22641005     23180202     851    0.00       0.00       0     0    
22641005     23173281     356    0.00       0.00       0     0    
22641005     23280286     603    0.00       0.00       0     0    
22641005     23029839     849    0.00       0.00       0     0    
22641005     22645029     111    0.00       0.00       0     0    
22641005     23263775     289    0.00       0.00       0     0    
22641005     22684253     510    0.00       0.00       0     0    
22641005     23280285     92     0.00       0.00       0     0    
22641023     22684210     212    0.00       0.00       0     0    
22684210     23280594     174    0.00       0.00       0     0    
22645021     22684210     95     0.00       0.00       0     0    
22641005     22684210     425    0.00       0.00       0     0    
22640993     22684210     302    0.00       0.00       0     0    
22684210     23180202     450    0.00       0.00       0     0    
22684210     23173281     10     0.00       0.00       0     0    
22684210     23280286     337    0.00       0.00       0     0    
22684210     23029839     931    0.00       0.00       0     0    
22684210     22684253     741    0.00       0.00       0     0    
22641023     23022639     231    0.00       0.00       0     0    
23022639     23280594     189    0.00       0.00       0     0    
22645021     23022639     110    0.00       0.00       0     0    
22641005     23022639     391    0.00       0.00       0     0    
22640993     23022639     314    0.00       0.00       0     0    
23022639     23180202     416    0.00       0.00       0     0    
23022639     23173281     18     0.00       0.00       0     0    
23022639     23280286     496    0.00       0.00       0     0    
23022639     23029839     633    0.00       0.00       0     0    
22684253     23022639     544    0.00       0.00       0     0    
22684210     23022639     915    0.00       0.00       0     0    
22641023     23173282     10     0.00       0.00       0     0    
23173282     23280594     19     0.00       0.00       0     0    
22641005     23173282     19     0.00       0.00       0     0    
22640993     23173282     33     0.00       0.00       0     0    
23173282     23180202     16     0.00       0.00       0     0    
23173282     23280286     562    0.00       0.00       0     0    
23029839     23173282     24     0.00       0.00       0     0    
22684210     23173282     571    0.00       0.00       0     0    
23022639     23173282     471    0.00       0.00       0     0    
23012641     23180202     6      0.00       0.00       0     0    
23012641     23029839     417    0.00       0.00       0     0    
22684210     23012641     859    0.00       0.00       0     0    
23012641     23022639     352    0.00       0.00       0     0    
22684210     23280285     921    0.00       0.00       0     0    
23012641     23280285     732    0.00       0.00       0     0    
23022639     23280285     504    0.00       0.00       0     0    
23022633     23029839     243    0.00       0.00       0     0    
23022633     23280285     1168   0.00       0.00       0     0    
22684210     23022633     816    0.00       0.00       0     0    
23012641     23022633     658    0.00       0.00       0     0    
23022633     23022639     442    0.00       0.00       0     0    
22684755     23022633     856    0.00       0.00       0     0    
22684755     23029839     278    0.00       0.00       0     0    
22684755     23280285     910    0.00       0.00       0     0    
22684210     22684755     834    0.00       0.00       0     0    
22684755     23012641     651    0.00       0.00       0     0    
22684755     23022639     367    0.00       0.00       0     0    
23022632     23022633     831    0.00       0.00       0     0    
23022632     23029839     257    0.00       0.00       0     0    
22684755     23022632     845    0.00       0.00       0     0    
23022632     23280285     869    0.00       0.00       0     0    
22684210     23022632     841    0.00       0.00       0     0    
23012641     23022632     660    0.00       0.00       0     0    
23022632     23263775     122    0.00       0.00       0     0    
23022633     23263775     237    0.00       0.00       0     0    
22684755     23263775     121    0.00       0.00       0     0    
22684210     23263775     121    0.00       0.00       0     0    
23012641     23263775     120    0.00       0.00       0     0    
22684737     23022632     723    0.00       0.00       0     0    
22684737     23022633     737    0.00       0.00       0     0    
22684737     23029839     148    0.00       0.00       0     0    
22684737     22684755     727    0.00       0.00       0     0    
22684737     23263775     59     0.00       0.00       0     0    
22684737     23280285     755    0.00       0.00       0     0    
22684210     22684737     697    0.00       0.00       0     0    
22684737     23012641     588    0.00       0.00       0     0    
22684253     23022632     683    0.00       0.00       0     0    
22684253     23022633     994    0.00       0.00       0     0    
22684253     22684755     703    0.00       0.00       0     0    
22684253     23012641     519    0.00       0.00       0     0    
22684253     22684737     676    0.00       0.00       0     0    
23022632     23263780     586    0.00       0.00       0     0    
23022633     23263780     761    0.00       0.00       0     0    
23029839     23263780     25     0.00       0.00       0     0    
22684755     23263780     600    0.00       0.00       0     0    
22684253     23263780     772    0.00       0.00       0     0    
23263780     23280285     775    0.00       0.00       0     0    
22684210     23263780     559    0.00       0.00       0     0    
23012641     23263780     416    0.00       0.00       0     0    
22684737     23263780     579    0.00       0.00       0     0    
23022632     23173282     584    0.00       0.00       0     0    
23173282     23263780     722    0.00       0.00       0     0    
23022633     23173282     890    0.00       0.00       0     0    
22684755     23173282     601    0.00       0.00       0     0    
22684253     23173282     938    0.00       0.00       0     0    
23173282     23280285     936    0.00       0.00       0     0    
23012641     23173282     412    0.00       0.00       0     0    
22684737     23173282     574    0.00       0.00       0     0    
23022632     23022639     340    0.00       0.00       0     0    
23022639     23263780     440    0.00       0.00       0     0    
22684737     23022639     334    0.00       0.00       0     0    
23022627     23022632     245    0.00       0.00       0     0    
23022627     23263780     402    0.00       0.00       0     0    
23022627     23022633     405    0.00       0.00       0     0    
22684755     23022627     265    0.00       0.00       0     0    
22684253     23022627     419    0.00       0.00       0     0    
23022627     23280285     421    0.00       0.00       0     0    
22684210     23022627     223    0.00       0.00       0     0    
22684737     23022627     241    0.00       0.00       0     0    
23022627     23022639     343    0.00       0.00       0     0    
23022627     23173282     420    0.00       0.00       0     0    
23012641     23022627     102    0.00       0.00       0     0    
22645029     23022632     199    0.00       0.00       0     0    
22645029     23022627     299    0.00       0.00       0     0    
22645029     23263780     326    0.00       0.00       0     0    
22645029     23022633     434    0.00       0.00       0     0    
22645029     22684755     171    0.00       0.00       0     0    
22645029     22684210     180    0.00       0.00       0     0    
22645029     23012641     71     0.00       0.00       0     0    
22645029     22684737     163    0.00       0.00       0     0    
22645029     23022639     237    0.00       0.00       0     0    
22645029     23173282     483    0.00       0.00       0     0    
23022632     23280286     184    0.00       0.00       0     0    
23022627     23280286     352    0.00       0.00       0     0    
23263780     23280286     374    0.00       0.00       0     0    
23022633     23280286     492    0.00       0.00       0     0    
23012641     23280286     44     0.00       0.00       0     0    
22684737     23280286     179    0.00       0.00       0     0    
22684755     23280286     216    0.00       0.00       0     0    
23022632     23028333     89     0.00       0.00       0     0    
23022627     23028333     259    0.00       0.00       0     0    
23028333     23263780     280    0.00       0.00       0     0    
23022633     23028333     402    0.00       0.00       0     0    
22684755     23028333     136    0.00       0.00       0     0    
22684210     23028333     66     0.00       0.00       0     0    
22684737     23028333     98     0.00       0.00       0     0    
23022639     23028333     202    0.00       0.00       0     0    
23028333     23173282     450    0.00       0.00       0     0    
23022627     23263775     29     0.00       0.00       0     0    
23263775     23263780     36     0.00       0.00       0     0    
23022639     23263775     9      0.00       0.00       0     0    
23173282     23263775     162    0.00       0.00       0     0    
23173281     23263780     36     0.00       0.00       0     0    
23022633     23173281     149    0.00       0.00       0     0    
23173281     23173282     184    0.00       0.00       0     0    
23022627     23173281     28     0.00       0.00       0     0    
22640993     23022633     2      0.00       0.00       0     0    
----------------------------------------------------------------------
22641023     22645021     808    0.00       0.00       0     0    
22641005     22641023     755    0.00       0.00       0     0    
22641023     23280594     832    -0.00      0.03       -1    0    
22640993     22641023     878    0.00       0.00       0     0    
22641023     23180202     834    0.00       0.00       0     0    
22641023     23173281     597    0.00       0.00       0     0    
22641023     23280286     897    0.00       0.00       0     0    
22641023     23029839     968    0.00       0.00       0     0    
22641023     22684253     825    -0.00      0.03       -1    0    
22641005     22645021     612    0.00       0.00       0     0    
22645021     23280594     724    -0.00      0.04       -1    0    
22640993     22645021     736    0.00       0.00       0     0    
22645021     23180202     694    0.00       0.00       0     0    
22645021     23173281     590    0.00       0.00       0     0    
22645021     23280286     806    0.00       0.00       0     0    
22645021     23029839     829    0.00       0.00       0     0    
22645021     22684253     802    -0.00      0.04       -1    0    
22641005     23280594     643    -0.00      0.04       -1    0    
22640993     22641005     807    0.00       0.00       0     0    
22641005     23180202     1012   0.00       0.00       0     0    
22641005     23173281     396    0.00       0.00       0     0    
22641005     23280286     705    0.00       0.00       0     0    
22641005     23029839     1015   0.00       0.00       0     0    
22641005     22684253     605    -0.00      0.04       -1    0    
22640993     23280594     776    0.00       0.00       0     0    
23180202     23280594     720    -0.00      0.04       -1    0    
23173281     23280594     518    -0.00      0.04       -1    0    
23280286     23280594     840    -0.00      0.03       -1    0    
23029839     23280594     864    -0.00      0.03       -1    0    
22684253     23280594     741    0.00       0.05       -1    1    
22640993     23180202     885    0.00       0.00       0     0    
22640993     23173281     543    0.00       0.00       0     0    
22640993     23280286     874    0.00       0.00       0     0    
22640993     23029839     1033   0.00       0.00       0     0    
22640993     22684253     773    -0.00      0.04       -1    0    
23173281     23180202     443    0.00       0.00       0     0    
23180202     23280286     773    0.00       0.00       0     0    
23029839     23180202     1106   0.00       0.00       0     0    
22684253     23180202     682    0.00       0.04       0     1    
23173281     23280286     804    0.00       0.00       0     0    
23029839     23173281     631    0.00       0.00       0     0    
22684253     23173281     807    0.00       0.04       0     1    
23029839     23280286     971    0.00       0.00       0     0    
22684253     23280286     1445   0.00       0.03       0     1    
22684253     23029839     948    0.00       0.03       0     1    
22641023     23022639     284    0.00       0.00       0     0    
22645021     23022639     154    0.00       0.00       0     0    
22641005     23022639     496    0.00       0.00       0     0    
22640993     23022639     397    0.00       0.00       0     0    
23022639     23180202     508    0.00       0.00       0     0    
23022639     23280286     578    0.00       0.00       0     0    
23022639     23029839     778    0.00       0.00       0     0    
22684253     23022639     636    0.00       0.00       0     0    
23022639     23173281     35     0.00       0.00       0     0    
22641023     22684210     251    0.00       0.00       0     0    
22645021     22684210     121    0.00       0.00       0     0    
22641005     22684210     518    0.00       0.00       0     0    
22640993     22684210     375    0.00       0.00       0     0    
22684210     23180202     532    0.00       0.00       0     0    
22684210     23173281     21     0.00       0.00       0     0    
22684210     23280286     386    0.00       0.00       0     0    
22684210     23029839     1122   0.00       0.00       0     0    
22684210     22684253     847    0.00       0.00       0     0    
22684210     23022639     1067   0.00       0.00       0     0    
22684210     23280594     217    0.00       0.00       0     0    
23022639     23280594     241    0.00       0.00       0     0    
22641005     23173282     11     0.00       0.00       0     0    
23173282     23280594     11     0.00       0.00       0     0    
22640993     23173282     18     0.00       0.00       0     0    
23173282     23180202     11     0.00       0.00       0     0    
23173282     23280286     588    0.00       0.00       0     0    
23029839     23173282     13     0.00       0.00       0     0    
22684210     23173282     607    0.00       0.00       0     0    
23022639     23173282     499    0.00       0.00       0     0    
22641005     23012641     2      0.00       0.00       0     0    
23012641     23180202     6      0.00       0.00       0     0    
23012641     23029839     516    0.00       0.00       0     0    
22684210     23012641     1007   -0.00      0.03       -1    0    
23012641     23022639     416    0.00       0.00       0     0    
23029839     23280285     727    0.00       0.00       0     0    
22684210     23280285     1031   0.00       0.00       0     0    
23022639     23280285     558    0.00       0.00       0     0    
23012641     23280285     826    0.00       0.00       0     0    
23022633     23029839     260    0.00       0.00       0     0    
23022633     23280285     1253   0.00       0.00       0     0    
22684210     23022633     884    0.00       0.00       0     0    
23012641     23022633     721    0.00       0.04       0     1    
23022633     23022639     475    0.00       0.00       0     0    
22684755     23029839     316    0.00       0.00       0     0    
22684755     23280285     996    0.00       0.00       0     0    
22684210     22684755     917    0.00       0.00       0     0    
22684755     23012641     734    0.00       0.00       0     0    
22684755     23022639     394    0.00       0.00       0     0    
22684755     23022633     923    0.00       0.00       0     0    
23022632     23029839     293    0.00       0.00       0     0    
22684755     23022632     907    0.00       0.00       0     0    
23022632     23280285     932    0.00       0.00       0     0    
22684210     23022632     907    0.00       0.00       0     0    
23012641     23022632     734    0.00       0.00       0     0    
23022632     23022633     878    0.00       0.00       0     0    
23029839     23263775     706    0.00       0.00       0     0    
22684755     23263775     140    0.00       0.00       0     0    
23022632     23263775     140    0.00       0.00       0     0    
23022633     23263775     236    0.00       0.00       0     0    
23263775     23280285     639    -0.00      0.04       -1    0    
22684210     23263775     144    0.00       0.00       0     0    
23012641     23263775     142    0.00       0.00       0     0    
22684737     23029839     179    0.00       0.00       0     0    
22684737     23263775     67     0.00       0.00       0     0    
22684737     22684755     802    0.00       0.00       0     0    
22684737     23022632     781    0.00       0.00       0     0    
22684737     23022633     810    0.00       0.00       0     0    
22684737     23280285     825    0.00       0.00       0     0    
22684210     22684737     781    0.00       0.00       0     0    
22684737     23012641     666    0.00       0.00       0     0    
22684253     23263775     744    0.00       0.05       0     1    
22684253     22684755     769    0.00       0.00       0     0    
22684253     23022632     722    0.00       0.00       0     0    
22684253     23022633     1075   0.00       0.00       0     0    
22684253     23280285     1490   0.00       0.00       0     0    
22684253     23012641     562    0.00       0.00       0     0    
22684253     22684737     739    0.00       0.00       0     0    
23029839     23263780     35     0.00       0.00       0     0    
22684755     23263780     667    0.00       0.00       0     0    
23022632     23263780     621    0.00       0.00       0     0    
23022633     23263780     852    0.00       0.00       0     0    
22684253     23263780     871    0.00       0.00       0     0    
23263780     23280285     865    0.00       0.00       0     0    
22684210     23263780     617    0.00       0.00       0     0    
23012641     23263780     458    0.00       0.05       0     1    
22684737     23263780     627    0.00       0.00       0     0    
23173282     23263780     801    0.00       0.00       0     0    
22684755     23173282     651    0.00       0.00       0     0    
23022632     23173282     610    0.00       0.00       0     0    
23022633     23173282     959    0.00       0.00       0     0    
22684253     23173282     1019   0.00       0.00       0     0    
23173282     23280285     1012   0.00       0.00       0     0    
23012641     23173282     448    0.00       0.00       0     0    
22684737     23173282     617    0.00       0.00       0     0    
23022639     23263780     474    0.00       0.00       0     0    
23022632     23022639     347    0.00       0.00       0     0    
22684737     23022639     351    0.00       0.00       0     0    
23022627     23263780     488    0.00       0.00       0     0    
22684755     23022627     307    0.00       0.00       0     0    
23022627     23022632     267    0.00       0.00       0     0    
23022627     23022633     482    0.00       0.00       0     0    
22684253     23022627     500    0.00       0.00       0     0    
23022627     23280285     499    0.00       0.00       0     0    
22684210     23022627     257    0.00       0.00       0     0    
23012641     23022627     131    0.01       0.09       0     1    
23022627     23022639     389    0.00       0.00       0     0    
22684737     23022627     269    0.00       0.00       0     0    
23022627     23173282     495    0.00       0.00       0     0    
22645029     23263780     354    0.00       0.00       0     0    
22645029     22684755     178    0.00       0.00       0     0    
22645029     23022632     204    0.00       0.00       0     0    
22645029     23022633     451    0.00       0.00       0     0    
22645029     22684253     855    0.00       0.00       0     0    
22645029     23280285     803    0.00       0.00       0     0    
22645029     22684210     183    0.00       0.00       0     0    
22645029     23012641     83     0.00       0.00       0     0    
22645029     23022639     244    0.00       0.00       0     0    
22645029     22684737     165    0.00       0.00       0     0    
22645029     23173282     508    0.00       0.00       0     0    
22645029     23022627     335    0.00       0.00       0     0    
23022627     23280286     397    0.00       0.00       0     0    
23263780     23280286     410    0.00       0.00       0     0    
22645029     23280286     809    0.00       0.00       0     0    
23022632     23280286     180    0.00       0.00       0     0    
23022633     23280286     521    0.00       0.00       0     0    
23280285     23280286     907    0.00       0.00       0     0    
23012641     23280286     53     0.00       0.00       0     0    
22684737     23280286     183    0.00       0.00       0     0    
22684755     23280286     226    0.00       0.00       0     0    
23022627     23028333     313    0.00       0.00       0     0    
23028333     23263780     325    0.00       0.00       0     0    
23028333     23280286     897    0.00       0.00       0     0    
22645029     23028333     742    0.00       0.00       0     0    
22684755     23028333     157    0.00       0.00       0     0    
23022632     23028333     93     0.00       0.00       0     0    
23022633     23028333     439    0.00       0.00       0     0    
22684253     23028333     898    0.00       0.00       0     0    
23028333     23280285     837    -0.00      0.03       -1    0    
22684210     23028333     68     0.00       0.00       0     0    
23012641     23028333     4      0.00       0.00       0     0    
23022639     23028333     229    0.00       0.00       0     0    
22684737     23028333     107    0.00       0.00       0     0    
23028333     23173282     496    0.00       0.00       0     0    
23028333     23263775     592    0.00       0.00       0     0    
23022627     23263775     24     0.00       0.00       0     0    
23263775     23280286     746    0.00       0.00       0     0    
23022639     23263775     10     0.00       0.00       0     0    
23173282     23263775     153    0.00       0.00       0     0    
23263775     23263780     30     0.00       0.00       0     0    
22645029     23263775     507    0.00       0.00       0     0    
23028333     23173281     500    0.00       0.00       0     0    
23022627     23173281     20     0.00       0.00       0     0    
23173281     23263780     25     0.00       0.00       0     0    
22645029     23173281     482    0.00       0.00       0     0    
23173281     23263775     645    0.00       0.00       0     0    
23022633     23173281     127    0.00       0.00       0     0    
23173281     23280285     444    0.00       0.00       0     0    
23173281     23173282     163    0.00       0.00       0     0    
22640993     23028333     347    0.00       0.00       0     0    
22640993     22645029     299    0.00       0.00       0     0    
22640993     23263775     510    0.00       0.00       0     0    
22640993     23280285     317    0.00       0.00       0     0    
23028333     23029839     387    0.00       0.00       0     0    
22645029     23029839     325    0.00       0.00       0     0    
22645021     23028333     332    0.00       0.00       0     0    
22645021     22645029     274    0.00       0.00       0     0    
22645021     23263775     526    0.00       0.00       0     0    
22645021     23280285     292    0.00       0.00       0     0    
22641023     23028333     333    0.00       0.00       0     0    
22641023     22645029     279    0.00       0.00       0     0    
22641023     23263775     534    0.00       0.00       0     0    
22641023     23280285     294    0.00       0.00       0     0    
23028333     23280594     336    0.00       0.00       0     0    
22645029     23280594     281    0.00       0.00       0     0    
23263775     23280594     497    -0.00      0.04       -1    0    
23280285     23280594     294    0.00       0.00       0     0    
23028333     23180202     188    0.00       0.00       0     0    
22645029     23180202     143    0.00       0.00       0     0    
23180202     23263775     378    0.00       0.00       0     0    
23180202     23280285     162    0.00       0.00       0     0    
22641005     23028333     113    0.00       0.00       0     0    
22641005     22645029     97     0.00       0.00       0     0    
22641005     23263775     299    0.00       0.00       0     0    
22641005     23280285     87     0.00       0.00       0     0    
22641023     23173282     9      0.00       0.00       0     0    
