Not connected to PVD
+++ Using GPU PhysX
Physics Engine: PhysX
Physics Device: cuda:0
GPU Pipeline: disabled
Importing module 'gym_38' (/home/temp_id/isaacgym/python/isaacgym/_bindings/linux-x86_64/gym_38.so)
Setting GYM_USD_PLUG_INFO_PATH to /home/temp_id/isaacgym/python/isaacgym/_bindings/linux-x86_64/usd/plugInfo.json
671 671
[-0.00485879 -0.00591431  0.00096283]
[-0.00485879 -0.00591431  0.00096283]
[-0.00485879 -0.00591431  0.00096283]
[-0.00485879 -0.00591431  0.00096283]
[-0.00485879 -0.00591431  0.00096283]
[-0.00485879 -0.00591431  0.00096283]
[-0.00485879 -0.00591431  0.00096283]
[-0.00485879 -0.00591431  0.00096283]
[-0.00485879 -0.00591431  0.00096283]
[-0.00485879 -0.00591431  0.00096283]
[-0.00485879 -0.00591431  0.00096283]
[-0.00485879 -0.00591431  0.00096283]
[-0.00485879 -0.00591431  0.00096283]
[-0.00485879 -0.00591431  0.00096283]
[-0.00485879 -0.00591431  0.00096283]
[-0.00485879 -0.00591431  0.00096283]
[-0.00485879 -0.00591431  0.00096283]
[-0.00485879 -0.00591431  0.00096283]
[-0.00485879 -0.00591431  0.00096283]
[-0.00485879 -0.00591431  0.00096283]
[-0.00485879 -0.00591431  0.00096283]
[-0.00485879 -0.00591431  0.00096283]
[-0.00485879 -0.00591431  0.00096283]
[-0.00485879 -0.00591431  0.00096283]
[-0.00485879 -0.00591431  0.00096283]
[-0.00485879 -0.00591431  0.00096283]
[-0.00485879 -0.00591431  0.00096283]
[-0.00485879 -0.00591431  0.00096283]
[-0.00485879 -0.00591431  0.00096283]
[-0.00485879 -0.00591431  0.00096283]
[-0.00485879 -0.00591431  0.00096283]
[-0.00485879 -0.00591431  0.00096283]
[-0.00485879 -0.00591431  0.00096283]
[-0.00485879 -0.00591431  0.00096283]
[-0.00485879 -0.00591431  0.00096283]
[-0.00485879 -0.00591431  0.00096283]
[-0.00485879 -0.00591431  0.00096283]
[-0.00485879 -0.00591431  0.00096283]
[-0.00485879 -0.00591431  0.00096283]
[-0.00485879 -0.00591431  0.00096283]
[-0.00485879 -0.00591431  0.00096283]
[-0.00485879 -0.00591431  0.00096283]
[-0.00485879 -0.00591431  0.00096283]
[-0.00485879 -0.00591431  0.00096283]
[-0.00485879 -0.00591431  0.00096283]
[-0.00485879 -0.00591431  0.00096283]
[-0.00485879 -0.00591431  0.00096283]
[-0.00485879 -0.00591431  0.00096283]
[-0.00485879 -0.00591431  0.00096283]
[-0.00485879 -0.00591431  0.00096283]
[-0.00485879 -0.00591431  0.00096283]
[-0.00485879 -0.00591431  0.00096283]
[-0.00485879 -0.00591431  0.00096283]
[-0.00485879 -0.00591431  0.00096283]
[-0.00485879 -0.00591431  0.00096283]
[-0.00485879 -0.00591431  0.00096283]
[-0.00485879 -0.00591431  0.00096283]
[-0.00485879 -0.00591431  0.00096283]
[-0.00485879 -0.00591431  0.00096283]
[-0.00485879 -0.00591431  0.00096283]
[-0.00485879 -0.00591431  0.00096283]
[-0.00485879 -0.00591431  0.00096283]
[-0.00485879 -0.00591431  0.00096283]
[-0.00485879 -0.00591431  0.00096283]
[-0.00485879 -0.00591431  0.00096283]
[-0.00485527 -0.00591227  0.00096405]
[-0.00485546 -0.00590895  0.00096119]
[-0.00485546 -0.00590895  0.00096119]
[-0.00485584 -0.00589961  0.00095332]
[-0.00477058 -0.00606791  0.00091033]
[-0.00486783 -0.00589664  0.00094062]
[-0.0048847  -0.00586458  0.00079219]
[-0.00487064 -0.00589584  0.0009381 ]
[-0.00487204 -0.00589642  0.00093786]
[-0.00488905 -0.00588761  0.00086926]
[-0.00487055 -0.00589413  0.00093747]
[-0.00487144 -0.0058891   0.00093445]
[-0.00487705 -0.00588475  0.00093186]
[-0.00487705 -0.00588475  0.00093186]
[-0.00488981 -0.00588169  0.00092907]
[-0.00546654 -0.00564413 -0.00019251]
[-0.00538593 -0.00562587  0.00012095]
[-0.00488752 -0.00588     0.00093975]
[-5.43358103e-03 -5.35414856e-03 -7.07364205e-05]
[-0.0048881  -0.00587435  0.00093786]
[-0.00491156 -0.00586942  0.00092145]
[-0.004926   -0.00585822  0.00090874]
[-0.00538409 -0.00568362  0.00011468]
[-0.00495248 -0.00584165  0.00089193]
[-0.00495248 -0.00584165  0.00089193]
[-0.00500038 -0.00582702  0.00085912]
[-0.00690647 -0.00529217 -0.00263769]
[-0.00510131 -0.0057821   0.000782  ]
[-0.00510131 -0.0057821   0.000782  ]
[-0.00743307 -0.00410951 -0.00267072]
[-0.00515041 -0.00574324  0.00073945]
[-0.00515234 -0.00572666  0.00073199]
[-0.00515895 -0.00570046  0.00071645]
[-0.00515087 -0.00568255  0.00071232]
[-0.00515661 -0.00566647  0.00070439]
[-0.00712143 -0.00418718 -0.00181608]
[-0.00517549 -0.0056263   0.00068331]
[-0.00653952 -0.00420615 -0.00112834]
[-0.0051827  -0.00559771  0.00066507]
[-0.00517515 -0.00558673  0.00066362]
[-0.00543777 -0.00518929  0.00040243]
[-0.00515886 -0.0055757   0.0006656 ]
[-0.00514526 -0.00556995  0.0006678 ]
[-0.0051196  -0.00557594  0.0006826 ]
[-0.0051196  -0.00557594  0.0006826 ]
[-0.00505709 -0.00559877  0.0007198 ]
[-0.00505709 -0.00559877  0.0007198 ]
[-0.0060992  -0.00317564  0.00127957]
[-0.00499577 -0.00561812  0.0007527 ]
[-0.00497286 -0.00562846  0.00076383]
[-0.00546145 -0.0044335   0.00112164]
[-0.00548845 -0.00393874  0.00140717]
[-0.0049262  -0.00564571  0.00077808]
[-0.00491256 -0.00564751  0.00078295]
[-0.00484272 -0.00546536  0.00087206]
[-0.00478026 -0.00536502  0.00091917]
[-0.00482589 -0.00565397  0.00083326]
[-0.00482589 -0.00565397  0.00083326]
[-0.00476473 -0.00565581  0.00086599]
[-0.00471444 -0.00565387  0.0008927 ]
[-0.00449927 -0.00385954  0.00089712]
[-0.00450333 -0.00480329  0.00131655]
[-0.00454047 -0.0056302   0.00097714]
[-0.0043565  -0.00510957  0.00151771]
[-0.00440427 -0.00524392  0.00133068]
[-0.00449719 -0.00563114  0.00099598]
[-0.00450104 -0.00563191  0.0009934 ]
[-0.00450668 -0.00563124  0.00098537]
[-0.00450883 -0.00563154  0.0009829 ]
[-0.00450883 -0.00563154  0.0009829 ]
[-0.00448863 -0.00563184  0.00098701]
[-0.00473272 -0.00514611  0.0007542 ]
[-0.00448811 -0.0056334   0.00098583]
[-0.00527474 -0.00344994  0.00022312]
[-0.00445396 -0.00563978  0.00099219]
[-0.00442456 -0.00563992  0.00100032]
[-0.00442456 -0.00563992  0.00100032]
[-0.00450479 -0.00506731  0.00091009]
[-0.00439923 -0.00564136  0.00100561]
[-0.00437373 -0.00564453  0.00100762]
[-0.00436085 -0.00564487  0.00100735]
[-0.00434683 -0.00564574  0.00100831]
[-0.00432497 -0.00564949  0.00101304]
[-0.00432497 -0.00564949  0.00101304]
[-0.00431634 -0.00565335  0.0010144 ]
[-0.00430711 -0.00565796  0.00101749]
[-0.00430237 -0.00566029  0.00101993]
[-0.0043023  -0.00566154  0.00102003]
[-0.0043023  -0.00566154  0.00102003]
[-0.0042979  -0.00566238  0.00101927]
[-0.0042979  -0.00566238  0.00101927]
[-0.00430407 -0.0056633   0.00101412]
[-0.00430528 -0.00566073  0.00101006]
[-0.00441612 -0.00519248  0.00021159]
[-0.00432064 -0.00564503  0.00099042]
[-0.00432494 -0.00563864  0.00098441]
[-0.0040751  -0.00551858 -0.00018984]
[-0.00433781 -0.00562063  0.00096858]
[-0.00433716 -0.00560626  0.0009627 ]
[-0.00433502 -0.00559868  0.0009594 ]
[-0.00433351 -0.0055924   0.00095541]
[-0.00433351 -0.0055924   0.00095541]
[-0.0035642  -0.00468793  0.00034971]
[-0.00416973 -0.00535638  0.0007661 ]
[-0.00417106 -0.00531568  0.00074673]
[-0.00430852 -0.00555534  0.00093581]
[-0.00430852 -0.00555534  0.00093581]
[-0.00429508 -0.00553444  0.00092605]
[-0.00428836 -0.00552608  0.00092191]
[-0.00375488 -0.00441527  0.00054568]
[-0.00427412 -0.00551823  0.0009184 ]
[-0.00426499 -0.00551639  0.00091345]
[-0.00425582 -0.00551837  0.00091277]
[-0.0042353  -0.00551922  0.00091341]
[-0.0042353  -0.00551922  0.00091341]
[-0.00422107 -0.00552712  0.0009149 ]
[-0.00420781 -0.00553699  0.00091657]
[-0.00402149 -0.00512204  0.00100505]
[-0.00418458 -0.00555123  0.00092245]
[-0.00416574 -0.00555776  0.00093089]
[-0.00415331 -0.00556746  0.00093839]
[-0.00347435 -0.00541501  0.00082176]
[-0.00335431 -0.00544693  0.00065009]
[-0.0041502  -0.00559497  0.0009489 ]
[-0.00414351 -0.0056098   0.0009555 ]
[-0.0041313  -0.00561886  0.00096308]
[-0.00364273 -0.00537117  0.00116016]
[-0.00410855 -0.00562532  0.00097027]
[-0.00407949 -0.00562568  0.00098004]
[-0.00405738 -0.00561777  0.00098653]
[-0.00404099 -0.00561239  0.00099265]
[-0.00404099 -0.00561239  0.00099265]
[-0.00401971 -0.00558921  0.00099277]
[-0.00401971 -0.00558921  0.00099277]
[-0.00344154 -0.00551905  0.0007975 ]
[-0.00400502 -0.00555466  0.00098557]
[-0.00400213 -0.00554776  0.0009844 ]
[-0.00399918 -0.00552497  0.00097653]
[-0.00399531 -0.00551161  0.00097363]
[-0.0039908  -0.00550442  0.00097326]
[-0.00389615 -0.00538907  0.00071735]
[-0.0039823  -0.0054822   0.00096803]
[-0.00397692 -0.00546495  0.00096317]
[-0.00397157 -0.00544912  0.00095929]
[-0.00397157 -0.00544912  0.00095929]
[-0.00397359 -0.00541506  0.00094606]
[-0.0034096  -0.00559825  0.00042604]
[-0.00397836 -0.00539397  0.00093518]
[-0.00398052 -0.00537912  0.0009284 ]
[-0.00398269 -0.00535405  0.00091764]
[-0.00398269 -0.00535405  0.00091764]
[-0.00398444 -0.00532934  0.00090757]
[-0.00399157 -0.00529948  0.00089426]
[-0.00361752 -0.00555279  0.00037912]
[-0.00399541 -0.00527832  0.00088514]
[-4.01655424e-03 -5.40670403e-03 -4.77216398e-05]
[-0.00401077 -0.00523464  0.00086805]
[-0.00400967 -0.00521702  0.0008649 ]
[-0.00400967 -0.00521702  0.0008649 ]
[-0.00400286 -0.00518848  0.00086093]
[-0.00400286 -0.00518848  0.00086093]
[-0.00399704 -0.00516948  0.00085931]
[-0.0039965  -0.00516497  0.00085863]
[-0.00399592 -0.0051547   0.00085887]
[-0.00399648 -0.0051465   0.00085947]
[-0.00399672 -0.00514343  0.00085942]
[-0.00485933 -0.00479867 -0.00010069]
[-0.00399635 -0.00513428  0.00086052]
[-0.00400043 -0.00512344  0.00086022]
[-0.00400076 -0.0051211   0.00086109]
[-0.0040032  -0.00510731  0.00086234]
[-0.0040032  -0.00510731  0.00086234]
[-0.00427286 -0.00499571  0.00052223]
[-0.00400337 -0.00509402  0.00086209]
[-0.00546988 -0.00451428 -0.00071225]
[-4.80261869e-03 -4.75826384e-03 -1.34839311e-05]
[-0.0039964  -0.00506192  0.00086775]
[-0.0039964  -0.00506192  0.00086775]
[-0.00398695 -0.00504025  0.00087521]
[-0.00398149 -0.00503684  0.00087836]
[-0.00395389 -0.0050179   0.00088925]
[-0.0039463  -0.00501459  0.00089234]
[-0.00430482 -0.00445708  0.00067713]
[-0.00393226 -0.0050054   0.00089668]
[-0.0040401  -0.00473383  0.00084288]
[-0.00425389 -0.00419908  0.00087911]
[-0.00403025 -0.00467355  0.0009834 ]
[-0.00386003 -0.00499647  0.00093276]
[-0.00401432 -0.00462615  0.00110754]
[-0.00383638 -0.00499651  0.00094371]
[-0.00383216 -0.00499891  0.00094661]
[-0.00382863 -0.00500147  0.00094939]
[-0.00382863 -0.00500147  0.00094939]
[-0.00381982 -0.00499916  0.00095492]
[-0.00381901 -0.00499588  0.00095607]
[-0.00412238 -0.00491052  0.00060108]
[-0.00381696 -0.00498929  0.00095663]
[-0.00381358 -0.00497384  0.00095664]
[-0.00380738 -0.00495802  0.00095588]
[-0.0038033  -0.00495146  0.00095602]
[-0.00414366 -0.00457871  0.00075536]
[-0.00379432 -0.00493657  0.00095567]
[-0.00392557 -0.00473735  0.00089066]
[-0.0037828  -0.00489026  0.00094403]
[-0.00377172 -0.00484904  0.00093399]
[-0.00376244 -0.00480972  0.0009225 ]
[-0.00375316 -0.00458123  0.00100701]
[-0.00375758 -0.00475049  0.00089925]
[-0.00375553 -0.00473858  0.00089486]
[-0.00375185 -0.0047245   0.00088891]
[-0.00375185 -0.0047245   0.00088891]
[-0.00374047 -0.00469359  0.0008805 ]
[-0.0037419  -0.00468638  0.0008764 ]
[-0.00363902 -0.00439172  0.00101035]
[-0.00373332 -0.00465089  0.00086714]
[-0.00372733 -0.00460859  0.00085376]
[-0.00372733 -0.00460859  0.00085376]
[-0.00372703 -0.00458471  0.00084475]
[-0.00374363 -0.00457615  0.00077432]
[-0.00372663 -0.00457164  0.00084122]
[-0.0037237  -0.00455217  0.00083512]
[-0.003723   -0.00453912  0.00083149]
[-0.00361242 -0.00465398  0.00081114]
[-0.00372611 -0.00450241  0.00081779]
[-0.00372755 -0.00454509  0.00082981]
[-0.00364146 -0.00455698  0.00096096]
[-0.00372294 -0.00444763  0.00080133]
[-0.00372144 -0.00442351  0.00079316]
[-0.00372019 -0.00440087  0.00078527]
[-0.00372019 -0.00440087  0.00078527]
[-0.00371969 -0.00437251  0.00077525]
[-0.00371969 -0.00437251  0.00077525]
[-0.00371963 -0.00435931  0.00077028]
[-0.00380251 -0.00434985  0.00060312]
[-0.00372375 -0.00433908  0.00076296]
[-0.00372629 -0.00432546  0.00075787]
[-0.00372699 -0.0043135   0.00075307]
[-0.00372775 -0.00430193  0.00074726]
[-0.0035395  -0.00433758  0.00113415]
[-0.00373161 -0.00429343  0.00074007]
[-0.00373652 -0.0042884   0.00073433]
[-0.00374325 -0.00428761  0.00072859]
[-0.00374325 -0.00428761  0.00072859]
[-0.00374804 -0.00429124  0.00072712]
[-0.00374804 -0.00429124  0.00072712]
[-0.00371509 -0.0043905   0.00077574]
[-0.00376205 -0.00428559  0.00071704]
[-0.00370641 -0.00446898  0.00086604]
[-0.00369894 -0.00454825  0.00104996]
[-0.00377455 -0.00429752  0.00071011]
[-0.00377455 -0.00429752  0.00071011]
[-0.00377522 -0.0042998   0.00070927]
[-0.00378151 -0.00431307  0.00070404]
[-0.00378151 -0.00431307  0.00070404]
[-0.00378751 -0.00431738  0.00069876]
[-0.00378751 -0.00431738  0.00069876]
[-0.00379197 -0.00432079  0.00069616]
[-0.00379641 -0.00433234  0.00069592]
[-0.00379641 -0.00433234  0.00069592]
[-0.00379839 -0.00433649  0.0006953 ]
[-0.00379815 -0.00434181  0.00069432]
[-0.00379714 -0.00434749  0.00069357]
[-0.00379881 -0.00436105  0.00069304]
[-0.00379881 -0.00436105  0.00069304]
[-0.00379866 -0.00437159  0.00069275]
[-0.00380098 -0.00438401  0.0006935 ]
[-0.00380327 -0.00439243  0.00069312]
[-0.00380718 -0.0043929   0.00068822]
[-0.00380718 -0.0043929   0.00068822]
[-0.00381164 -0.00439359  0.00068439]
[-0.00381418 -0.00439233  0.00067967]
[-0.00387346 -0.00448306  0.00116293]
[-0.00381853 -0.00439513  0.00067598]
[-0.00382124 -0.00441161  0.00067497]
[-0.00382124 -0.00441161  0.00067497]
[-0.00371245 -0.00395687  0.00283351]
[-0.00382032 -0.00443369  0.00067007]
[-0.00381947 -0.00445624  0.00066895]
[-0.00381711 -0.00447075  0.00066843]
[-0.00384351 -0.00379185  0.00223712]
[-0.00381349 -0.00449877  0.00066938]
[-0.0038101  -0.00452051  0.0006662 ]
[-0.00345683 -0.00365632  0.00271171]
[-0.00380213 -0.00454857  0.00066625]
[-0.00379967 -0.00456007  0.00066616]
[-0.00378796 -0.00459364  0.00066572]
[-0.00334692 -0.0033263   0.00368093]
[-0.00376055 -0.00467699  0.00066809]
[-0.00375487 -0.00469122  0.00066972]
[-0.00375025 -0.00470589  0.0006713 ]
[-0.00373582 -0.00474427  0.00067532]
[-0.00372271 -0.00477578  0.00067881]
[-0.00372271 -0.00477578  0.00067881]
[-0.00371143 -0.00480392  0.0006811 ]
[-0.00359811 -0.00457188  0.00134668]
[-0.00370144 -0.00482986  0.00068272]
[-0.00369296 -0.00485286  0.00068261]
[-0.00338508 -0.00439465  0.00209599]
[-0.00368374 -0.00487019  0.0006819 ]
[-0.00368374 -0.00487019  0.0006819 ]
[-0.00367665 -0.00489132  0.0006794 ]
[-0.00309751 -0.00470564  0.00249017]
[-0.00367091 -0.00490065  0.00067724]
[-0.00366272 -0.00492029  0.00067827]
[-0.00366272 -0.00492029  0.00067827]
[-0.00366272 -0.00492029  0.00067827]
[-0.0032267  -0.00353587  0.0050016 ]
[-0.00367501 -0.00463007  0.00128406]
[-0.00363998 -0.00497622  0.00068307]
[-0.00366862 -0.00472777  0.00130499]
[-0.00361215 -0.00503099  0.00069807]
[-0.00364292 -0.00474975  0.00131478]
[-0.00359232 -0.00506761  0.00070767]
[-0.00355896 -0.00442458  0.00219178]
[-0.00358127 -0.00508504  0.00071287]
[-0.00357478 -0.00509823  0.00071623]
[-0.00362199 -0.00441238  0.00186321]
[-0.00356316 -0.00511622  0.00072337]
[-0.00355265 -0.00513389  0.00072789]
[-0.00355265 -0.00513389  0.00072789]
[-0.00354572 -0.00514486  0.00073124]
[-0.00354572 -0.00514486  0.00073124]
[-0.00353911 -0.00515357  0.00073376]
[-0.00353279 -0.00516016  0.00073736]
[-0.00352955 -0.00516235  0.0007384 ]
[-0.00352712 -0.00516177  0.00073866]
[-0.00352517 -0.00516007  0.00073862]
[-0.00363444 -0.00485662  0.00018734]
[-0.00352599 -0.00515366  0.00073621]
[-0.00358654 -0.00512574  0.0002191 ]
[-0.00352729 -0.00514938  0.00073516]
[-0.0035427  -0.00512807  0.00072675]
[-0.00355626 -0.00511115  0.00069739]
[-0.00356738 -0.00508123  0.0007127 ]
[-0.00358494 -0.00571723 -0.00411851]
[-0.00358988 -0.0050135   0.00069424]
[-0.00368024 -0.00521377 -0.00121116]
[-0.00402417 -0.00507501 -0.00302172]
[-0.00361002 -0.00482124  0.00066983]
[-0.0036036  -0.00477584  0.00066803]
[-0.00463114 -0.0045035  -0.00317896]
[-0.00357854 -0.0045716   0.00066088]
[-0.00422476 -0.00460932 -0.00226304]
[-0.00356499 -0.00441841  0.00065297]
[-0.00400804 -0.00452933 -0.00106237]
[-0.004652   -0.00485522 -0.0036114 ]
[-0.0035597  -0.00421395  0.00065144]
[-0.00429456 -0.004407   -0.0018273 ]
[-0.00355512 -0.00416251  0.00065302]
[-0.00355512 -0.00416251  0.00065302]
[-0.00353142 -0.00404259  0.00066907]
[-0.00352739 -0.004032    0.00067367]
[-0.00351208 -0.00399486  0.00069174]
[-0.00351208 -0.00399486  0.00069174]
[-0.00350446 -0.00397014  0.00070278]
[-0.00349315 -0.00394617  0.00071532]
[-0.00348982 -0.00393471  0.00071816]
[-0.00358172 -0.00407598 -0.00086014]
[-0.00348598 -0.00391252  0.00072279]
[-0.00348425 -0.00385809  0.00072623]
[-0.0034829  -0.00383655  0.00072821]
[-0.00391219 -0.00413792 -0.00033245]
[-0.00348228 -0.00381375  0.00072916]
[-0.00348096 -0.0038058   0.00073202]
[-0.00369663 -0.00380407  0.00042131]
[-0.0035225  -0.00377643  0.00058065]
[-0.00348057 -0.00380852  0.00073619]
[-0.00348057 -0.00380852  0.00073619]
[-0.00348442 -0.00380259  0.00073465]
[-0.00348908 -0.00380738  0.00073608]
[-0.00348908 -0.00380738  0.00073608]
[-0.00350133 -0.00380365  0.00073731]
[-3.39427980e-03 -4.51897057e-03  3.81640567e-05]
[-0.00351038 -0.00381409  0.00074028]
[-0.0034616  -0.00424303  0.00035875]
[-0.00351939 -0.00382654  0.00074409]
[-0.0035061  -0.00409279  0.00035841]
[-0.00344282 -0.00414617  0.000236  ]
[-0.00352784 -0.00384565  0.00075035]
[-0.00346757 -0.00407914  0.00053291]
[-0.00353026 -0.00384091  0.00075288]
[-0.00353026 -0.00384091  0.00075288]
[-0.00353036 -0.00384264  0.00075493]
[-0.00353158 -0.00384111  0.00075581]
[-0.0035876  -0.00397675  0.00046676]
[-0.00353374 -0.0038447   0.00075756]
[-0.00352033 -0.00390822  0.00075476]
[-0.00353687 -0.00385114  0.0007592 ]
[-0.00353762 -0.00385374  0.00075981]
[-0.00354009 -0.00386082  0.00076045]
[-0.00354009 -0.00386082  0.00076045]
[-0.00354136 -0.00386617  0.00076143]
[-0.00348521 -0.00403418  0.00066783]
[-0.00354191 -0.00408703  0.00084369]
[-0.0035456  -0.00386272  0.00075837]
[-0.00355241 -0.00386987  0.00075692]
[-0.00355704 -0.00387932  0.00075714]
[-0.00356045 -0.00389099  0.00075814]
[-0.00349321 -0.00391359  0.00091105]
[-0.00356451 -0.00390166  0.00075741]
[-0.00356579 -0.00390242  0.00075686]
[-0.00336698 -0.00417945  0.00080083]
[-0.00356876 -0.00390785  0.00075671]
[-0.00357659 -0.00392178  0.00075757]
[-0.00327354 -0.00428244  0.00067215]
[-0.00358016 -0.00392254  0.00075661]
[-0.00358389 -0.0039288   0.00075747]
[-0.00358389 -0.0039288   0.00075747]
[-0.00358731 -0.00393712  0.00075911]
[-0.00358999 -0.00394165  0.00075974]
[-0.00359204 -0.00394307  0.00075953]
[-0.0035348  -0.00406621  0.00069984]
[-0.00350736 -0.00410285  0.00068858]
[-0.00360466 -0.00396576  0.0007629 ]
[-0.00360674 -0.00397251  0.00076451]
[-0.00361234 -0.00398476  0.00076598]
[-0.003357   -0.00437552  0.000684  ]
[-0.00361826 -0.00400498  0.00076924]
[-0.00362208 -0.00401633  0.00077039]
[-0.00337971 -0.0043459   0.00089438]
[-0.00362806 -0.00403363  0.00077151]
[-0.00363971 -0.00406308  0.00077411]
[-0.00364584 -0.00407747  0.00077568]
[-0.00367219 -0.00442161  0.00045257]
[-0.00365648 -0.00409873  0.00077866]
[-0.00366203 -0.00411222  0.00078148]
[-0.00372671 -0.00437307  0.00026449]
[-0.00369987 -0.00423248  0.00060047]
[-0.00382977 -0.00419854  0.00054038]
[-0.00368451 -0.00418551  0.00079779]
[-0.00368887 -0.00421414  0.00080451]
[-0.00368887 -0.00421414  0.00080451]
[-0.00372346 -0.0042546   0.00085849]
[-0.00368882 -0.00426561  0.00081922]
[-0.00369842 -0.00432281  0.00083182]
[-0.00371263 -0.00437546  0.00084084]
[-0.00371263 -0.00437546  0.00084084]
[-0.00346454 -0.00510941  0.00104913]
[-0.00374086 -0.00450863  0.00087098]
[-0.00356519 -0.00527014  0.00118054]
[-0.00375014 -0.00456939  0.00088689]
[-0.00376629 -0.00465364  0.00090786]
[-0.00376629 -0.00465364  0.00090786]
[-0.00378223 -0.00472808  0.00092716]
[-0.00378223 -0.00472808  0.00092716]
[-0.00380312 -0.00480664  0.00094747]
[-0.00380312 -0.00480664  0.00094747]
[-0.0038108  -0.00483001  0.00095347]
[-0.00382204 -0.00486363  0.00096174]
[-0.00321871 -0.00585462  0.00185422]
[-0.00318623 -0.00597587  0.00202308]
[-0.00290589 -0.0061141   0.00231578]
[-0.00382877 -0.00492258  0.00097651]
[-0.00237186 -0.00701249  0.00310611]
[-0.00384221 -0.00498706  0.00099149]
[-0.0038427  -0.0049983   0.00099517]
[-0.00384433 -0.00501095  0.00099919]
[-0.00385753 -0.00505344  0.00100992]
[-0.00386756 -0.00508     0.00101632]
[-0.00387535 -0.0051029   0.00102322]
[-0.00191534 -0.00816276  0.00320934]
[-0.00389392 -0.00512924  0.00102784]
[-0.00320971 -0.00612044  0.00185689]
[-0.00243949 -0.00728528  0.00266641]
[-0.00249946 -0.0072951   0.00255351]
[-0.00393442 -0.00519831  0.00104627]
[-0.00394604 -0.00521885  0.00105379]
[-0.00395674 -0.00523199  0.00105771]
[-0.00212347 -0.00817192  0.00313894]
[-0.00397323 -0.00524956  0.00106236]
[-0.00288519 -0.00733983  0.00226152]
[-0.00399908 -0.00527031  0.00106884]
[-0.00333371 -0.00644102  0.00179096]
[-0.0040417  -0.00529726  0.00107025]
[-0.00404775 -0.00530136  0.00107172]
[-0.00406833 -0.00531281  0.00107221]
[-0.00336063 -0.00633601  0.00210721]
[-0.00408709 -0.00533087  0.00107899]
[-0.0040893  -0.00533161  0.00107912]
[-0.00409645 -0.00533418  0.00107772]
[-0.00410074 -0.00533787  0.00107817]
[-0.00410074 -0.00533787  0.00107817]
[-0.00338896 -0.00625002  0.00239414]
[-0.00203026 -0.00788068  0.0051945 ]
[-0.00411895 -0.0053654   0.00108997]
[-0.0041138  -0.00537767  0.00110695]
[-0.00411706 -0.00537502  0.0011002 ]
[-0.00411706 -0.00537502  0.0011002 ]
[-0.00411601 -0.00538084  0.00110829]
[-0.00411879 -0.00538287  0.00110881]
[-0.00246064 -0.00720224  0.00488029]
[-0.00308827 -0.00646928  0.0034751 ]
[-0.00411823 -0.00537895  0.00111105]
[-0.00412017 -0.00537648  0.00111055]
[-0.00335981 -0.00593331  0.00307939]
[-0.00411613 -0.00537408  0.00111207]
[-0.00411613 -0.00537408  0.00111207]
[-0.00410691 -0.00537895  0.00111707]
[-0.00409785 -0.00538273  0.00112336]
[-0.00320739 -0.00500475  0.00346766]
[-0.00408735 -0.0053951   0.001131  ]
[-0.00408483 -0.00539666  0.0011319 ]
[-0.00408483 -0.00539666  0.0011319 ]
[-0.00408483 -0.00539666  0.0011319 ]
[-0.00408483 -0.00539666  0.0011319 ]
[-0.00408483 -0.00539666  0.0011319 ]
[-0.00408483 -0.00539666  0.0011319 ]
[-0.00408483 -0.00539666  0.0011319 ]
[-0.00408483 -0.00539666  0.0011319 ]
[-0.00408483 -0.00539666  0.0011319 ]
[-0.00408483 -0.00539666  0.0011319 ]
[-0.00408483 -0.00539666  0.0011319 ]
[-0.00408483 -0.00539666  0.0011319 ]
[-0.00408483 -0.00539666  0.0011319 ]
[-0.00408483 -0.00539666  0.0011319 ]
[-0.00408483 -0.00539666  0.0011319 ]
[-0.00408483 -0.00539666  0.0011319 ]
[-0.00408483 -0.00539666  0.0011319 ]
[-0.00408483 -0.00539666  0.0011319 ]
[-0.00408483 -0.00539666  0.0011319 ]
[-0.00408483 -0.00539666  0.0011319 ]
[-0.00408483 -0.00539666  0.0011319 ]
[-0.00408483 -0.00539666  0.0011319 ]
[-0.00408483 -0.00539666  0.0011319 ]
[-0.00408483 -0.00539666  0.0011319 ]
[-0.00408483 -0.00539666  0.0011319 ]
[-0.00408483 -0.00539666  0.0011319 ]
[-0.00408483 -0.00539666  0.0011319 ]
[-0.00408483 -0.00539666  0.0011319 ]
[-0.00408483 -0.00539666  0.0011319 ]
[-0.00408483 -0.00539666  0.0011319 ]
[-0.00408483 -0.00539666  0.0011319 ]
[-0.00408483 -0.00539666  0.0011319 ]
[-0.00408483 -0.00539666  0.0011319 ]
[-0.00408483 -0.00539666  0.0011319 ]
[-0.00408483 -0.00539666  0.0011319 ]
[-0.00408483 -0.00539666  0.0011319 ]
[-0.00408483 -0.00539666  0.0011319 ]
[-0.00408483 -0.00539666  0.0011319 ]
[-0.00408483 -0.00539666  0.0011319 ]
[-0.00408483 -0.00539666  0.0011319 ]
[-0.00408483 -0.00539666  0.0011319 ]
[-0.00408483 -0.00539666  0.0011319 ]
[-0.00408483 -0.00539666  0.0011319 ]
[-0.00408483 -0.00539666  0.0011319 ]
[-0.00408483 -0.00539666  0.0011319 ]
[-0.00408483 -0.00539666  0.0011319 ]
[-0.00408483 -0.00539666  0.0011319 ]
[-0.00408483 -0.00539666  0.0011319 ]
[-0.00408483 -0.00539666  0.0011319 ]
[-0.00408483 -0.00539666  0.0011319 ]
[-0.00408483 -0.00539666  0.0011319 ]
[-0.00408483 -0.00539666  0.0011319 ]
[-0.00408483 -0.00539666  0.0011319 ]
[-0.00408483 -0.00539666  0.0011319 ]
[-0.00408483 -0.00539666  0.0011319 ]
[-0.00408483 -0.00539666  0.0011319 ]
[-0.00408483 -0.00539666  0.0011319 ]
[-0.00408483 -0.00539666  0.0011319 ]
[-0.00408483 -0.00539666  0.0011319 ]
[-0.00408483 -0.00539666  0.0011319 ]
[-0.00408483 -0.00539666  0.0011319 ]
[-0.00408483 -0.00539666  0.0011319 ]
[-0.00408483 -0.00539666  0.0011319 ]
[-0.00408483 -0.00539666  0.0011319 ]
[-0.00408483 -0.00539666  0.0011319 ]
[-0.00408483 -0.00539666  0.0011319 ]
[-0.00408483 -0.00539666  0.0011319 ]
[-0.00408483 -0.00539666  0.0011319 ]
[-0.00408483 -0.00539666  0.0011319 ]
[-0.00408483 -0.00539666  0.0011319 ]
[-0.00408483 -0.00539666  0.0011319 ]
[-0.00408483 -0.00539666  0.0011319 ]
[-0.00408483 -0.00539666  0.0011319 ]
[-0.00408483 -0.00539666  0.0011319 ]
[-0.00408483 -0.00539666  0.0011319 ]
[-0.00408483 -0.00539666  0.0011319 ]
[-0.00408483 -0.00539666  0.0011319 ]
[-0.00408483 -0.00539666  0.0011319 ]
[-0.00408483 -0.00539666  0.0011319 ]
[-0.00408483 -0.00539666  0.0011319 ]
[-0.00408483 -0.00539666  0.0011319 ]
[-0.00408483 -0.00539666  0.0011319 ]
[-0.00408483 -0.00539666  0.0011319 ]
[-0.00408483 -0.00539666  0.0011319 ]
[-0.00408483 -0.00539666  0.0011319 ]
[-0.00408483 -0.00539666  0.0011319 ]
[-0.00408483 -0.00539666  0.0011319 ]
[-0.00408483 -0.00539666  0.0011319 ]
[-0.00408483 -0.00539666  0.0011319 ]
[-0.00408483 -0.00539666  0.0011319 ]
[-0.00408483 -0.00539666  0.0011319 ]
[-0.00408483 -0.00539666  0.0011319 ]
[-0.00408483 -0.00539666  0.0011319 ]
[-0.00408483 -0.00539666  0.0011319 ]
[-0.00408483 -0.00539666  0.0011319 ]
[-0.00408483 -0.00539666  0.0011319 ]
[-0.00408483 -0.00539666  0.0011319 ]
[-0.00408483 -0.00539666  0.0011319 ]
[-0.00408483 -0.00539666  0.0011319 ]
[-0.00408483 -0.00539666  0.0011319 ]
[-0.00408483 -0.00539666  0.0011319 ]
[-0.00408483 -0.00539666  0.0011319 ]
[-0.00408483 -0.00539666  0.0011319 ]
[-0.00408483 -0.00539666  0.0011319 ]
[-0.00408483 -0.00539666  0.0011319 ]
Simulation terminated
Using VHACD cache directory '/home/temp_id/.isaacgym/vhacd'
