Not connected to PVD
+++ Using GPU PhysX
Physics Engine: PhysX
Physics Device: cuda:0
GPU Pipeline: disabled
Importing module 'gym_38' (/home/temp_id/isaacgym/python/isaacgym/_bindings/linux-x86_64/gym_38.so)
Setting GYM_USD_PLUG_INFO_PATH to /home/temp_id/isaacgym/python/isaacgym/_bindings/linux-x86_64/usd/plugInfo.json
603 603
[-0.06442623 -0.01085527 -0.00363979]
[-0.06442623 -0.01085527 -0.00363979]
[-0.06442623 -0.01085527 -0.00363979]
[-0.06442623 -0.01085527 -0.00363979]
[-0.06442623 -0.01085527 -0.00363979]
[-0.06442623 -0.01085527 -0.00363979]
[-0.06442623 -0.01085527 -0.00363979]
[-0.06442623 -0.01085527 -0.00363979]
[-0.06442623 -0.01085527 -0.00363979]
[-0.06442623 -0.01085527 -0.00363979]
[-0.06442623 -0.01085527 -0.00363979]
[-0.06442623 -0.01085527 -0.00363979]
[-0.06442623 -0.01085527 -0.00363979]
[-0.06442623 -0.01085527 -0.00363979]
[-0.06442623 -0.01085527 -0.00363979]
[-0.06442623 -0.01085527 -0.00363979]
[-0.06442623 -0.01085527 -0.00363979]
[-0.06442623 -0.01085527 -0.00363979]
[-0.06442623 -0.01085527 -0.00363979]
[-0.06442623 -0.01085527 -0.00363979]
[-0.06442623 -0.01085527 -0.00363979]
[-0.06442623 -0.01085527 -0.00363979]
[-0.06442623 -0.01085527 -0.00363979]
[-0.06442623 -0.01085527 -0.00363979]
[-0.06442623 -0.01085527 -0.00363979]
[-0.06442623 -0.01085527 -0.00363979]
[-0.06442623 -0.01085527 -0.00363979]
[-0.06442623 -0.01085527 -0.00363979]
[-0.06442623 -0.01085527 -0.00363979]
[-0.06442623 -0.01085527 -0.00363979]
[-0.06442623 -0.01085527 -0.00363979]
[-0.06442623 -0.01085527 -0.00363979]
[-0.06442623 -0.01085527 -0.00363979]
[-0.06442623 -0.01085527 -0.00363979]
[-0.06442623 -0.01085527 -0.00363979]
[-0.06442623 -0.01085527 -0.00363979]
[-0.06442623 -0.01085527 -0.00363979]
[-0.06442623 -0.01085527 -0.00363979]
[-0.06442623 -0.01085527 -0.00363979]
[-0.06442623 -0.01085527 -0.00363979]
[-0.06442623 -0.01085527 -0.00363979]
[-0.06442623 -0.01085527 -0.00363979]
[-0.06442623 -0.01085527 -0.00363979]
[-0.06442623 -0.01085527 -0.00363979]
[-0.06442623 -0.01085527 -0.00363979]
[-0.06442623 -0.01085527 -0.00363979]
[-0.06442623 -0.01085527 -0.00363979]
[-0.06442623 -0.01085527 -0.00363979]
[-0.06442623 -0.01085527 -0.00363979]
[-0.06442623 -0.01085527 -0.00363979]
[-0.06442623 -0.01085527 -0.00363979]
[-0.06442623 -0.01085527 -0.00363979]
[-0.06442623 -0.01085527 -0.00363979]
[-0.06442623 -0.01085527 -0.00363979]
[-0.06442623 -0.01085527 -0.00363979]
[-0.06442623 -0.01085527 -0.00363979]
[-0.06442623 -0.01085527 -0.00363979]
[-0.06442623 -0.01085527 -0.00363979]
[-0.06442623 -0.01085527 -0.00363979]
[-0.06442623 -0.01085527 -0.00363979]
[-0.06442623 -0.01085527 -0.00363979]
[-0.06442623 -0.01085527 -0.00363979]
[-0.06442623 -0.01085527 -0.00363979]
[-0.06442623 -0.01085527 -0.00363979]
[-0.06442927 -0.0105374  -0.00369035]
[-0.06443589 -0.01070378 -0.00375183]
[-0.06444777 -0.01074126 -0.00356402]
[-0.06432322 -0.01076659 -0.00328411]
[-0.06447662 -0.01070604 -0.00330198]
[-0.06456127 -0.0107089  -0.00325451]
[-0.06446563 -0.01076737 -0.00332825]
[-0.06445422 -0.01080752 -0.00333637]
[-0.06446058 -0.01072684 -0.00339739]
[-0.06445586 -0.01077722 -0.0034295 ]
[-0.0644535  -0.01076886 -0.00346908]
[-0.06449766 -0.01057148 -0.0036383 ]
[-0.0646427  -0.01030382 -0.00400057]
[-0.0643811  -0.01077716 -0.00417777]
[-0.06439175 -0.01060578 -0.00486334]
[-0.06513208 -0.00953357 -0.00608989]
[-0.0640793  -0.01071384 -0.00656276]
[-0.06491853 -0.00974545 -0.00786847]
[-0.06399952 -0.01071416 -0.00703324]
[-0.06394337 -0.01063437 -0.00736051]
[-0.06393879 -0.01070043 -0.0072355 ]
[-0.06584899 -0.00918448 -0.01067884]
[-0.06501946 -0.00991188 -0.00848979]
[-0.0639729  -0.01067897 -0.00674551]
[-0.06398151 -0.01070574 -0.00661455]
[-0.06399481 -0.01071033 -0.00639217]
[-0.06399874 -0.01072221 -0.0062758 ]
[-0.06401392 -0.0107305  -0.00606105]
[-0.06401072 -0.01070223 -0.00605377]
[-0.06440431 -0.00991439 -0.00681585]
[-0.06451708 -0.00946773 -0.00706853]
[-0.06399002 -0.0106367  -0.00612081]
[-0.06412384 -0.01017016 -0.00647221]
[-0.06397522 -0.01067843 -0.00600149]
[-0.06397522 -0.01067843 -0.00600149]
[-0.06394056 -0.01058446 -0.00618881]
[-0.06394056 -0.01058446 -0.00618881]
[-0.06390727 -0.0104401  -0.00644328]
[-0.06390067 -0.01034549 -0.00649352]
[-0.06388949 -0.01022097 -0.00660074]
[-0.06387597 -0.01010267 -0.00671142]
[-0.06412163 -0.00882086 -0.00782531]
[-0.06395185 -0.00928608 -0.00735634]
[-0.06385155 -0.00984401 -0.00693447]
[-0.06379916 -0.0095261  -0.00733445]
[-0.06379639 -0.0094553  -0.00736836]
[-0.06382534 -0.00824982 -0.00817746]
[-0.06394542 -0.00712615 -0.00929613]
[-0.06376978 -0.00896429 -0.00768466]
[-0.06379369 -0.00785752 -0.00866593]
[-0.06376061 -0.00868131 -0.00779871]
[-0.06375174 -0.00850093 -0.00789819]
[-0.06400014 -0.00649397 -0.0092028 ]
[-0.06372418 -0.0081668  -0.00806211]
[-0.06372418 -0.0081668  -0.00806211]
[-0.06372134 -0.00810237 -0.00803147]
[-0.06372634 -0.00808807 -0.00787572]
[-0.06415289 -0.00551359 -0.00883144]
[-0.06427709 -0.00572566 -0.00853231]
[-0.06372926 -0.00823858 -0.00747887]
[-0.0639127 -0.0076273 -0.0076105]
[-0.06372059 -0.00834759 -0.00733597]
[-0.0643942  -0.00597617 -0.00816053]
[-0.06401268 -0.00744996 -0.00754033]
[-0.06369916 -0.00847855 -0.00718191]
[-0.06368866 -0.00855777 -0.00711709]
[-0.06367619 -0.00861221 -0.00710018]
[-0.06367619 -0.00861221 -0.00710018]
[-0.06366609 -0.00860675 -0.00709785]
[-0.06369226 -0.00815568 -0.00753607]
[-0.06365051 -0.00859542 -0.00717519]
[-0.06358259 -0.00868309 -0.00749243]
[-0.06364233 -0.00848252 -0.00784417]
[-0.0635554  -0.00865177 -0.00765056]
[-0.06350871 -0.00858315 -0.00791869]
[-0.06375493 -0.00800979 -0.00875153]
[-0.06349802 -0.00841834 -0.00803434]
[-0.06346053 -0.00827515 -0.00828215]
[-0.06370778 -0.00778978 -0.00880375]
[-0.06343161 -0.00811306 -0.00846688]
[-0.06384883 -0.0071718  -0.00890945]
[-0.06340637 -0.0080485  -0.00858685]
[-0.06339382 -0.00800114 -0.00864935]
[-0.0633755  -0.00796023 -0.00874035]
[-0.0633539  -0.0078972  -0.00885006]
[-0.06334719 -0.0078454  -0.00887832]
[-0.06334719 -0.0078454  -0.00887832]
[-0.06334469 -0.00783754 -0.00887511]
[-0.06342694 -0.00748301 -0.00904744]
[-0.0633542  -0.00781902 -0.00879361]
[-0.0633542  -0.00781902 -0.00879361]
[-0.0633579  -0.00777043 -0.00876449]
[-0.0633579  -0.00777043 -0.00876449]
[-0.06336227 -0.00773082 -0.00870525]
[-0.06336153 -0.00772585 -0.00869079]
[-0.06336322 -0.00773515 -0.00865731]
[-0.06358593 -0.00713875 -0.00876035]
[-0.06335622 -0.00777931 -0.00864231]
[-0.06339846 -0.00762512 -0.00861641]
[-0.06334052 -0.00782207 -0.00865547]
[-0.06348616 -0.00749118 -0.00871272]
[-0.06333466 -0.0078115  -0.00867458]
[-0.06332239 -0.00771815 -0.00876248]
[-0.06330779 -0.00764299 -0.0088635 ]
[-0.06330069 -0.00748    -0.00895647]
[-0.06330069 -0.00748    -0.00895647]
[-0.06329917 -0.00728034 -0.00903373]
[-0.06330166 -0.00716066 -0.00905065]
[-0.06337796 -0.00696259 -0.00940774]
[-0.06330565 -0.00700667 -0.00905655]
[-0.06330565 -0.00700667 -0.00905655]
[-0.06329061 -0.00690675 -0.00914592]
[-0.06325975 -0.00674915 -0.00934167]
[-0.06325975 -0.00674915 -0.00934167]
[-0.06333406 -0.00642879 -0.0095835 ]
[-0.06323357 -0.00626643 -0.009865  ]
[-0.06319124 -0.0061703  -0.00984361]
[-0.06317869 -0.00595335 -0.00995331]
[-0.06321417 -0.00578414 -0.01039663]
[-0.06322861 -0.00557383 -0.01026905]
[-0.06315439 -0.00545417 -0.01017012]
[-0.06313138 -0.0051449  -0.01033533]
[-0.06312288 -0.00499004 -0.01051559]
[-0.06312796 -0.00503327 -0.01036384]
[-0.06314986 -0.00475853 -0.01045994]
[-0.06309153 -0.00478084 -0.01056245]
[-0.06306827 -0.00461797 -0.01068909]
[-0.06308241 -0.00447667 -0.01061851]
[-0.06303078 -0.00436939 -0.0108946 ]
[-0.06291231 -0.00436348 -0.01072786]
[-0.06299182 -0.00425223 -0.0110086 ]
[-0.0629867  -0.00416942 -0.01112593]
[-0.06293731 -0.00422915 -0.01084255]
[-0.06292974 -0.00402539 -0.011225  ]
[-0.06290994 -0.00383275 -0.01151181]
[-0.06290033 -0.00377491 -0.01145363]
[-0.06288107 -0.00370986 -0.01166523]
[-0.06281509 -0.00376807 -0.01173213]
[-0.06283489 -0.00361327 -0.01186463]
[-0.06280225 -0.00360026 -0.0120053 ]
[-0.06278431 -0.00355956 -0.01208456]
[-0.06278431 -0.00355956 -0.01208456]
[-0.06284849 -0.00351337 -0.0119009 ]
[-0.06273644 -0.00359009 -0.01228469]
[-0.06269246 -0.00353747 -0.01247123]
[-0.06266651 -0.00349282 -0.01258385]
[-0.06266651 -0.00349282 -0.01258385]
[-0.0626395  -0.00349374 -0.01269762]
[-0.06261528 -0.00345788 -0.01280177]
[-0.06261371 -0.00348406 -0.01280816]
[-0.06261105 -0.00351482 -0.01281854]
[-0.06261105 -0.00351482 -0.01281854]
[-0.06260629 -0.00361976 -0.01283167]
[-0.06260415 -0.003651   -0.01284101]
[-0.06259506 -0.00368413 -0.01288511]
[-0.06243932 -0.00369524 -0.01271884]
[-0.06258611 -0.00364924 -0.0129266 ]
[-0.06257156 -0.00359152 -0.0129954 ]
[-0.06240814 -0.00342995 -0.01249051]
[-0.06252345 -0.00342462 -0.01319442]
[-0.06243801 -0.0031324  -0.01255405]
[-0.06248974 -0.00334748 -0.01332606]
[-0.06246584 -0.00339832 -0.0134148 ]
[-0.06246584 -0.00339832 -0.0134148 ]
[-0.06229188 -0.00340068 -0.01308229]
[-0.06242899 -0.00355387 -0.01355507]
[-0.06223378 -0.00351995 -0.01310057]
[-0.06241411 -0.0036288  -0.01361409]
[-0.06240265 -0.00362674 -0.01366058]
[-0.06239873 -0.00361561 -0.01368148]
[-0.06239418 -0.00358025 -0.01370097]
[-0.06239792 -0.00350594 -0.01369548]
[-0.06239792 -0.00350594 -0.01369548]
[-0.0619001  -0.00341683 -0.01284272]
[-0.06237581 -0.00333898 -0.01379636]
[-0.06217212 -0.00319362 -0.01332519]
[-0.06226614 -0.00322974 -0.01356938]
[-0.06221391 -0.00319906 -0.01341111]
[-0.06235035 -0.00330019 -0.01389732]
[-0.06233929 -0.00328832 -0.01394222]
[-0.06233166 -0.00325975 -0.01397399]
[-0.06232866 -0.00323899 -0.01398599]
[-0.06232866 -0.00323899 -0.01398599]
[-0.06232595 -0.00318407 -0.01399774]
[-0.06228064 -0.00311942 -0.01382171]
[-0.06221367 -0.00284036 -0.01320979]
[-0.06217395 -0.00281215 -0.01355785]
[-0.06232446 -0.00295274 -0.01400933]
[-0.06232446 -0.00295274 -0.01400933]
[-0.06229201 -0.00290681 -0.01414556]
[-0.06229201 -0.00290681 -0.01414556]
[-0.06229201 -0.00290681 -0.01414556]
[-0.06226543 -0.00277575 -0.01426631]
[-0.0620726  -0.0026571  -0.01336778]
[-0.06224498 -0.00283937 -0.01436369]
[-0.06224498 -0.00283937 -0.01436369]
[-0.06224137 -0.00290196 -0.01438619]
[-0.06225595 -0.00308891 -0.01435093]
[-0.06225595 -0.00308891 -0.01435093]
[-0.0622508  -0.00314573 -0.01437864]
[-0.06222958 -0.00318344 -0.01447357]
[-0.06220843 -0.00323815 -0.01456396]
[-0.06220843 -0.00323815 -0.01456396]
[-0.06216628 -0.00327467 -0.01473256]
[-0.06213952 -0.00332025 -0.01484105]
[-0.06211161 -0.00335261 -0.01495086]
[-0.0619792  -0.00337799 -0.01467896]
[-0.06203569 -0.00345643 -0.01524168]
[-0.06203569 -0.00345643 -0.01524168]
[-0.06198805 -0.00352046 -0.01542123]
[-0.06182372 -0.00350627 -0.01382449]
[-0.06193076 -0.00358677 -0.01564016]
[-0.06180647 -0.00344177 -0.01336674]
[-0.06189934 -0.00361759 -0.01576945]
[-0.06188    -0.00363611 -0.01584658]
[-0.06138659 -0.00367729 -0.01347618]
[-0.0618699  -0.00363802 -0.0159163 ]
[-0.06186679 -0.0036659  -0.01594103]
[-0.06186679 -0.0036659  -0.01594103]
[-0.06163553 -0.00379319 -0.01461841]
[-0.06187562 -0.00386054 -0.01596158]
[-0.06186345 -0.00391518 -0.0160195 ]
[-0.06183488 -0.00399544 -0.01613737]
[-0.06183488 -0.00399544 -0.01613737]
[-0.0617838  -0.00409357 -0.016328  ]
[-0.06174544 -0.00416657 -0.01647058]
[-0.0617003  -0.00425607 -0.01662474]
[-0.06165553 -0.00436962 -0.0167734 ]
[-0.06165553 -0.00436962 -0.0167734 ]
[-0.06160525 -0.00450796 -0.01694368]
[-0.06130601 -0.0046987  -0.01589331]
[-0.06152362 -0.00465857 -0.01721925]
[-0.06145662 -0.00474721 -0.01744272]
[-0.0614097  -0.0048021  -0.01759414]
[-0.0614097  -0.0048021  -0.01759414]
[-0.06133674 -0.00487005 -0.01782963]
[-0.06124963 -0.00496144 -0.01810379]
[-0.06095977 -0.00506347 -0.01630278]
[-0.06118591 -0.00506673 -0.0183036 ]
[-0.06106898 -0.00520602 -0.01865673]
[-0.06106898 -0.00520602 -0.01865673]
[-0.06098336 -0.00531179 -0.01891279]
[-0.06052228 -0.00530976 -0.0168465 ]
[-0.0608873  -0.00543818 -0.01919069]
[-0.06082026 -0.00553203 -0.01938284]
[-0.06072017 -0.00564884 -0.01966705]
[-0.06066072 -0.00571325 -0.0198362 ]
[-0.06066072 -0.00571325 -0.0198362 ]
[-0.06060788 -0.00580291 -0.01998797]
[-0.06051302 -0.00589584 -0.02024833]
[-0.06048129 -0.00593289 -0.02033394]
[-0.06048129 -0.00593289 -0.02033394]
[-0.06035637 -0.00606201 -0.02066482]
[-0.06025827 -0.00622955 -0.0209129 ]
[-0.06025827 -0.00622955 -0.0209129 ]
[-0.05996199 -0.00634607 -0.01848946]
[-0.06005722 -0.00648174 -0.02141899]
[-0.05999805 -0.00656487 -0.02156253]
[-0.05994027 -0.00664962 -0.02169987]
[-0.05999291 -0.00655127 -0.02027577]
[-0.05987661 -0.00678541 -0.0218448 ]
[-0.05987661 -0.00678541 -0.0218448 ]
[-0.05981304 -0.00692544 -0.02198836]
[-0.05981304 -0.00692544 -0.02198836]
[-0.05977452 -0.00701599 -0.02207558]
[-0.05976158 -0.00700351 -0.02210934]
[-0.05976158 -0.00700351 -0.02210934]
[-0.05962273 -0.00679861 -0.02186701]
[-0.05975798 -0.00701145 -0.02211134]
[-0.05966822 -0.00671931 -0.02213112]
[-0.05969833 -0.00693646 -0.02210423]
[-0.05975395 -0.00702132 -0.02210872]
[-0.05965677 -0.00682752 -0.0222211 ]
[-0.05976244 -0.00700128 -0.02208776]
[-0.05981101 -0.00689323 -0.02197847]
[-0.05975458 -0.00668182 -0.02256912]
[-0.05986093 -0.00681515 -0.02186209]
[-0.05986093 -0.00681515 -0.02186209]
[-0.06014919 -0.00639512 -0.02118373]
[-0.06014919 -0.00639512 -0.02118373]
[-0.06043975 -0.00572721 -0.02051001]
[-0.06043975 -0.00572721 -0.02051001]
[-0.06060736 -0.00514978 -0.02211209]
[-0.06105478 -0.00430514 -0.01893345]
[-0.06114978 -0.00411278 -0.01866333]
[-0.06113154 -0.00367887 -0.02224654]
[-0.06158163 -0.00341584 -0.01734155]
[-0.06158163 -0.00341584 -0.01734155]
[-0.06180466 -0.00307998 -0.01659987]
[-0.06195846 -0.0028163  -0.01604618]
[-0.06207807 -0.00268462 -0.01560662]
[-0.06213932 -0.00264967 -0.01537754]
[-0.06289692 -0.0019037  -0.01810674]
[-0.0628134  -0.00205212 -0.01649981]
[-0.06241109 -0.00248864 -0.01430619]
[-0.06245967 -0.00246582 -0.01410598]
[-0.0626894  -0.00235402 -0.01313989]
[-0.0626894  -0.00235402 -0.01313989]
[-0.06273004 -0.00232897 -0.01296466]
[-0.06288995 -0.00224664 -0.01225557]
[-0.06291963 -0.00222228 -0.01211848]
[-0.06308339 -0.00223358 -0.01267632]
[-0.06309432 -0.00204539 -0.01128362]
[-0.06309432 -0.00204539 -0.01128362]
[-0.06309432 -0.00204539 -0.01128362]
[-0.06319513 -0.00185719 -0.01076118]
[-0.06338381 -0.00173113 -0.01142599]
[-0.06322611 -0.00176108 -0.01058832]
[-0.06327837 -0.0016125  -0.0102877 ]
[-0.06327837 -0.0016125  -0.0102877 ]
[-0.06363276 -0.0012511  -0.01182112]
[-0.06349824 -0.00130287 -0.01066185]
[-0.06335576 -0.00131068 -0.00980211]
[-0.06337938 -0.0012333  -0.00965121]
[-0.06355131 -0.00109237 -0.01014151]
[-0.06342966 -0.00103425 -0.00932247]
[-0.06362145 -0.00103358 -0.01008716]
[-0.06344682 -0.00093339 -0.009197  ]
[-0.06344682 -0.00093339 -0.009197  ]
[-0.06345657 -0.00091773 -0.00913645]
[-0.06348072 -0.00091832 -0.00921512]
[-0.06345741 -0.00091526 -0.00912971]
[-0.06345741 -0.00091526 -0.00912971]
[-0.06345741 -0.00091526 -0.00912971]
[-0.06345741 -0.00091526 -0.00912971]
[-0.06345741 -0.00091526 -0.00912971]
[-0.06345741 -0.00091526 -0.00912971]
[-0.06345741 -0.00091526 -0.00912971]
[-0.06333705 -0.00165596 -0.01076506]
[-0.06344812 -0.00084144 -0.00896625]
[-0.06352238 -0.00067044 -0.00873985]
[-0.06352238 -0.00067044 -0.00873985]
[-0.06355132 -0.00064959 -0.00858847]
[-0.06355132 -0.00064959 -0.00858847]
[-0.06355709 -0.00065677 -0.00855785]
[-0.06356706 -0.00071483 -0.00851122]
[-0.06356706 -0.00071483 -0.00851122]
[-0.06356706 -0.00071483 -0.00851122]
[-0.06356706 -0.00071483 -0.00851122]
[-0.06356706 -0.00071483 -0.00851122]
[-0.06356706 -0.00071483 -0.00851122]
[-0.06356706 -0.00071483 -0.00851122]
[-0.06356706 -0.00071483 -0.00851122]
[-0.06356706 -0.00071483 -0.00851122]
[-0.06356706 -0.00071483 -0.00851122]
[-0.06356706 -0.00071483 -0.00851122]
[-0.06362666 -0.00105693 -0.00825926]
[-0.06362666 -0.00105693 -0.00825926]
[-0.06362666 -0.00105693 -0.00825926]
[-0.06362666 -0.00105693 -0.00825926]
[-0.06365701 -0.00125802 -0.00814495]
[-0.06365701 -0.00125802 -0.00814495]
[-0.06365701 -0.00125802 -0.00814495]
[-0.06365701 -0.00125802 -0.00814495]
[-0.06367758 -0.00145132 -0.0080801 ]
[-0.06367758 -0.00145132 -0.0080801 ]
[-0.06367758 -0.00145132 -0.0080801 ]
[-0.06367758 -0.00145132 -0.0080801 ]
[-0.06363174 -0.00163453 -0.00805275]
[-0.06368197 -0.00151508 -0.00807296]
[-0.06368197 -0.00151508 -0.00807296]
[-0.06368197 -0.00151508 -0.00807296]
[-0.06368197 -0.00151508 -0.00807296]
[-0.06368197 -0.00151508 -0.00807296]
[-0.06368197 -0.00151508 -0.00807296]
[-0.06372512 -0.00226765 -0.00795705]
[-0.06374505 -0.00234844 -0.00785142]
[-0.06374505 -0.00234844 -0.00785142]
[-0.06374505 -0.00234844 -0.00785142]
[-0.06362687 -0.00288024 -0.00774387]
[-0.06378594 -0.00274779 -0.00766718]
[-0.06378938 -0.00294355 -0.00766094]
[-0.06381679 -0.00326583 -0.00750435]
[-0.06382684 -0.00340023 -0.00744458]
[-0.06384237 -0.00363234 -0.00735131]
[-0.06374393 -0.00432171 -0.00701425]
[-0.06387498 -0.00428549 -0.00711069]
[-0.06384417 -0.00444618 -0.00697835]
[-0.06366732 -0.00521857 -0.00672116]
[-0.06393355 -0.0051278  -0.00659826]
[-0.06394645 -0.00543339 -0.00643516]
[-0.06394645 -0.00543339 -0.00643516]
[-0.06397708 -0.00609221 -0.00602602]
[-0.06398409 -0.00617374 -0.00594896]
[-0.06396025 -0.00690249 -0.00591396]
[-0.06399491 -0.00675655 -0.00563253]
[-0.0640026  -0.00693451 -0.00549325]
[-0.06388494 -0.00820417 -0.00524805]
[-0.06400869 -0.00764436 -0.00508972]
[-0.06400718 -0.00815066 -0.00479855]
[-0.06401209 -0.00870188 -0.00436503]
[-0.06368073 -0.00982113 -0.00413202]
[-0.06400472 -0.00927006 -0.0039545 ]
[-0.06381986 -0.01036788 -0.00347375]
[-0.06397072 -0.0100756  -0.00346921]
[-0.06385042 -0.0109034  -0.00302855]
[-0.06391725 -0.01106088 -0.00276021]
[-0.06391725 -0.01106088 -0.00276021]
[-0.0638818  -0.01143535 -0.00264713]
[-0.06387391 -0.01151682 -0.00264426]
[-0.06354591 -0.01273642 -0.00184534]
[-0.06382342 -0.01181764 -0.00301963]
[-0.06380724 -0.01183575 -0.00342062]
[-0.06310164 -0.01317049 -0.00218477]
[-0.06379625 -0.01176321 -0.00400418]
[-0.0625087  -0.01416235 -0.00187884]
[-0.06379583 -0.01170858 -0.00436395]
[-0.06233405 -0.01448675 -0.00217812]
[-0.06380779 -0.01159364 -0.00470604]
[-0.06383891 -0.01137652 -0.00512892]
[-0.06323948 -0.0126053  -0.00438604]
[-0.06385908 -0.0112798  -0.00529958]
[-0.06393173 -0.01104531 -0.00543462]
[-0.06393173 -0.01104531 -0.00543462]
[-0.0640152  -0.01076488 -0.00553372]
[-0.0640152  -0.01076488 -0.00553372]
[-0.0640152  -0.01076488 -0.00553372]
[-0.0640152  -0.01076488 -0.00553372]
[-0.0640152  -0.01076488 -0.00553372]
[-0.06415992 -0.01017178 -0.00596538]
[-0.06415992 -0.01017178 -0.00596538]
[-0.06420547 -0.0101251  -0.00603269]
[-0.06420547 -0.0101251  -0.00603269]
[-0.06423311 -0.01012442 -0.00619025]
[-0.06426332 -0.01013413 -0.00623556]
[-0.06324971 -0.01256271 -0.00436197]
[-0.06379517 -0.01133406 -0.00530603]
[-0.06333196 -0.0124126  -0.00467587]
[-0.0643237  -0.00998454 -0.0065813 ]
[-0.06433715 -0.00992608 -0.00670648]
[-0.06433569 -0.00980388 -0.00711147]
[-0.06433569 -0.00980388 -0.00711147]
[-0.06433791 -0.00982948 -0.00719507]
[-0.0643248  -0.00984563 -0.0074798 ]
[-0.0643248  -0.00984563 -0.0074798 ]
[-0.0643248  -0.00984563 -0.0074798 ]
[-0.0643248  -0.00984563 -0.0074798 ]
[-0.0643248  -0.00984563 -0.0074798 ]
[-0.0643248  -0.00984563 -0.0074798 ]
[-0.0643248  -0.00984563 -0.0074798 ]
[-0.0643248  -0.00984563 -0.0074798 ]
[-0.0643248  -0.00984563 -0.0074798 ]
[-0.0643248  -0.00984563 -0.0074798 ]
[-0.0643248  -0.00984563 -0.0074798 ]
[-0.0643248  -0.00984563 -0.0074798 ]
[-0.0643248  -0.00984563 -0.0074798 ]
[-0.0643248  -0.00984563 -0.0074798 ]
[-0.0643248  -0.00984563 -0.0074798 ]
[-0.0643248  -0.00984563 -0.0074798 ]
[-0.0643248  -0.00984563 -0.0074798 ]
[-0.0643248  -0.00984563 -0.0074798 ]
[-0.0643248  -0.00984563 -0.0074798 ]
[-0.0643248  -0.00984563 -0.0074798 ]
[-0.0643248  -0.00984563 -0.0074798 ]
[-0.0643248  -0.00984563 -0.0074798 ]
[-0.0643248  -0.00984563 -0.0074798 ]
[-0.0643248  -0.00984563 -0.0074798 ]
[-0.0643248  -0.00984563 -0.0074798 ]
[-0.0643248  -0.00984563 -0.0074798 ]
[-0.0643248  -0.00984563 -0.0074798 ]
[-0.0643248  -0.00984563 -0.0074798 ]
[-0.0643248  -0.00984563 -0.0074798 ]
[-0.0643248  -0.00984563 -0.0074798 ]
[-0.0643248  -0.00984563 -0.0074798 ]
[-0.0643248  -0.00984563 -0.0074798 ]
[-0.0643248  -0.00984563 -0.0074798 ]
[-0.0643248  -0.00984563 -0.0074798 ]
[-0.0643248  -0.00984563 -0.0074798 ]
[-0.0643248  -0.00984563 -0.0074798 ]
[-0.0643248  -0.00984563 -0.0074798 ]
[-0.0643248  -0.00984563 -0.0074798 ]
[-0.0643248  -0.00984563 -0.0074798 ]
[-0.0643248  -0.00984563 -0.0074798 ]
[-0.0643248  -0.00984563 -0.0074798 ]
[-0.0643248  -0.00984563 -0.0074798 ]
[-0.0643248  -0.00984563 -0.0074798 ]
[-0.0643248  -0.00984563 -0.0074798 ]
[-0.0643248  -0.00984563 -0.0074798 ]
[-0.0643248  -0.00984563 -0.0074798 ]
[-0.0643248  -0.00984563 -0.0074798 ]
[-0.0643248  -0.00984563 -0.0074798 ]
[-0.0643248  -0.00984563 -0.0074798 ]
[-0.0643248  -0.00984563 -0.0074798 ]
[-0.0643248  -0.00984563 -0.0074798 ]
[-0.0643248  -0.00984563 -0.0074798 ]
[-0.0643248  -0.00984563 -0.0074798 ]
[-0.0643248  -0.00984563 -0.0074798 ]
[-0.0643248  -0.00984563 -0.0074798 ]
[-0.0643248  -0.00984563 -0.0074798 ]
[-0.0643248  -0.00984563 -0.0074798 ]
[-0.0643248  -0.00984563 -0.0074798 ]
[-0.0643248  -0.00984563 -0.0074798 ]
[-0.0643248  -0.00984563 -0.0074798 ]
[-0.0643248  -0.00984563 -0.0074798 ]
[-0.0643248  -0.00984563 -0.0074798 ]
[-0.0643248  -0.00984563 -0.0074798 ]
[-0.0643248  -0.00984563 -0.0074798 ]
[-0.0643248  -0.00984563 -0.0074798 ]
[-0.0643248  -0.00984563 -0.0074798 ]
[-0.0643248  -0.00984563 -0.0074798 ]
[-0.0643248  -0.00984563 -0.0074798 ]
[-0.0643248  -0.00984563 -0.0074798 ]
[-0.0643248  -0.00984563 -0.0074798 ]
[-0.0643248  -0.00984563 -0.0074798 ]
[-0.0643248  -0.00984563 -0.0074798 ]
[-0.0643248  -0.00984563 -0.0074798 ]
[-0.0643248  -0.00984563 -0.0074798 ]
[-0.0643248  -0.00984563 -0.0074798 ]
[-0.0643248  -0.00984563 -0.0074798 ]
[-0.0643248  -0.00984563 -0.0074798 ]
[-0.0643248  -0.00984563 -0.0074798 ]
[-0.0643248  -0.00984563 -0.0074798 ]
[-0.0643248  -0.00984563 -0.0074798 ]
[-0.0643248  -0.00984563 -0.0074798 ]
[-0.0643248  -0.00984563 -0.0074798 ]
[-0.0643248  -0.00984563 -0.0074798 ]
[-0.0643248  -0.00984563 -0.0074798 ]
[-0.0643248  -0.00984563 -0.0074798 ]
[-0.0643248  -0.00984563 -0.0074798 ]
[-0.0643248  -0.00984563 -0.0074798 ]
[-0.0643248  -0.00984563 -0.0074798 ]
[-0.0643248  -0.00984563 -0.0074798 ]
[-0.0643248  -0.00984563 -0.0074798 ]
[-0.0643248  -0.00984563 -0.0074798 ]
[-0.0643248  -0.00984563 -0.0074798 ]
[-0.0643248  -0.00984563 -0.0074798 ]
[-0.0643248  -0.00984563 -0.0074798 ]
[-0.0643248  -0.00984563 -0.0074798 ]
[-0.0643248  -0.00984563 -0.0074798 ]
[-0.0643248  -0.00984563 -0.0074798 ]
[-0.0643248  -0.00984563 -0.0074798 ]
[-0.0643248  -0.00984563 -0.0074798 ]
[-0.0643248  -0.00984563 -0.0074798 ]
[-0.0643248  -0.00984563 -0.0074798 ]
[-0.0643248  -0.00984563 -0.0074798 ]
[-0.0643248  -0.00984563 -0.0074798 ]
[-0.0643248  -0.00984563 -0.0074798 ]
[-0.0643248  -0.00984563 -0.0074798 ]
[-0.0643248  -0.00984563 -0.0074798 ]
Simulation terminated
Using VHACD cache directory '/home/temp_id/.isaacgym/vhacd'
